SGCB	rs225132
FADS3	rs225132
TNKS2-AS1	rs225132
ANXA2P3	rs225132
MIR7850	rs225132
SH3TC2	rs225132
H2BC3	rs225132
SCGB2A1	rs225132
LOC646030	rs225132
PSMA8	rs225132
ZNF564	rs225132
SMG9	rs225132
LRRC3	rs1924553
MIR632	rs1924553
HOTS	rs1924553
PKD2	rs1924553
WDR74	rs1924553
UBALD2	rs1924553
TEF	rs1924553
MRGPRF	rs1924553
FAXDC2	rs1924553
SLC25A33	rs1924553
ATP1B1	rs1924553
MIR16-1	rs1924553
KIR3DL3	rs1924553
MIR3614	rs1924553
LOC100507599	rs1924553
TRPM2-AS	rs1924553
OR2A2	rs1924553
SLC46A3	rs1924553
PTGES	rs1924553
RXFP2	rs1924553
SDHAP3	rs1924553
CHMP6	rs1924553
PSMC1	rs1924553
DACH1	rs1924553
GUSBP3	rs1924553
BTBD17	rs1924553
COL26A1	rs1924553
CAPNS2	rs1924553
SYT7	rs1924553
TMEM244	rs1924553
GCAT	rs1924553
MIR3142HG	rs1924553
BRD9	rs1924553
LOC646030	rs1924553
NKX1-1	rs1924553
UBXN1	rs1924553
SNRPF	rs1924553
FAM53A	rs140850326
LAIR1	rs140850326
RND2	rs140850326
SNAI2	rs140850326
CTSS	rs12134245
SYT7	rs12134245
RHBDD2	rs12134245
PKD1L2	rs12134245
ZNF433-AS1	rs12134245
EEF1E1	rs12134245
PLXDC2	rs12134245
KCTD11	rs12134245
MIR1193	rs12134245
TOP3A	rs12134245
FGF1	rs12134245
VWA7	rs12134245
BMP8A	rs612683
KIR3DL2	rs612683
C16orf71	rs612683
ZNF574	rs612683
JSRP1	rs612683
DPP3	rs612683
SNORD29	rs612683
DLG5-AS1	rs612683
MIAT	rs612683
SNORD26	rs612683
SLC43A2	rs612683
ITIH5	rs612683
ITGB1BP1	rs612683
SLC30A8	rs612683
LOC101927661	rs612683
BCL2L11	rs612683
APOC1P1	rs612683
LGALS9C	rs612683
LOC105376731	rs612683
ZNF789	rs612683
CDK5RAP3	rs612683
FAM133B	rs612683
MLX	rs707475
MIR1909	rs707475
YME1L1	rs707475
KCNQ4	rs707475
ZNF37A	rs707475
HCG26	rs4233486
SPI1	rs4233486
LRRD1	rs4233486
RAB37	rs4233486
COA8	rs4233486
NPTXR	rs4233486
ARMC4P1	rs4233486
MIRLET7B	rs4233486
IGFL2	rs4233486
CHRM1	rs4233486
LINC01422	rs4233486
FAM189B	rs4233486
RNF126P1	rs4233486
HECTD3	rs4233486
SMURF2P1-LRRC37BP1	rs4233486
SUGP2	rs4233486
TMEM38A	rs4233486
BTG2	rs4233486
LOC100505588	rs4233486
TBX10	rs4233486
C5orf38	rs4233486
PNLIP	rs4233486
SRGAP2-AS1	rs4233486
SLC17A4	rs4233486
LOC100128770	rs4233486
HP	rs4233486
MYO3B	rs4233486
MAP2K1	rs4233486
STAT5B	rs4233486
MAST4	rs4233486
SAMM50	rs4233486
TPST2	rs4233486
SLC39A3	rs4233486
PTPN21	rs113319441
MIR9851	rs113319441
CADM4	rs113319441
LINC02140	rs113319441
GMNC	rs113319441
NBPF9	rs113319441
LOC100507373	rs113319441
GATA3	rs113319441
CTD-2194D22.4	rs113319441
VGLL3	rs113319441
FRMD6-AS2	rs113319441
SYNPR-AS1	rs113319441
LINC01605	rs113319441
KLB	rs113319441
OSTN-AS1	rs113319441
H2AC14	rs113319441
TMC4	rs113319441
LINC02080	rs113319441
LOC102723345	rs113319441
USP45	rs113319441
TMEM207	rs113319441
CCR1	rs144366570
SH3PXD2A-AS1	rs144366570
ZNF709	rs144366570
FRMD8	rs144366570
SLC25A36	rs144366570
HMGCR	rs144366570
CDK3	rs144366570
SRC	rs144366570
FKBP5	rs144366570
MIR329-2	rs144366570
PEX14	rs144366570
C6orf118	rs144366570
H3C11	rs144366570
MIR6805	rs144366570
ZNF391	rs144366570
MRGPRG-AS1	rs144366570
TBC1D22B	rs144366570
TFG	rs144366570
KRT16P1	rs144366570
PTCH2	rs144366570
AMBRA1	rs144366570
RIPK4	rs144366570
HPS6	rs144366570
LINC01981	rs144366570
BRMS1L	rs144366570
CDX1	rs144366570
MIR1250	rs144366570
SLC16A13	rs144366570
MIR539	rs1707302
SRSF2	rs1707302
PRL	rs1707302
CCR1	rs1707302
IGFL2	rs1707302
LOC101927557	rs1707302
SSR4P1	rs1707302
SMURF1	rs1707302
ANKRD28	rs1707302
RPS8	rs1707302
COX5A	rs1707302
ITGB2-AS1	rs1707302
PVALEF	rs1707302
FOXJ1	rs1707302
CORO1B	rs1707302
SNORD125	rs1707302
CAMTA1	rs1707302
RAB35	rs1707302
RPS10P7	rs1707302
SOWAHC	rs1707302
PLAC9	rs1707302
MIR555	rs1707302
MIR548AT	rs1707302
CCT6A	rs1707302
LOC401442	rs1707302
LOC646030	rs1707302
CHD1L	rs1707302
MIR4670	rs1707302
OR1E3	rs140945602
ZFYVE21	rs140945602
KIR3DL1	rs1514964
LINC00111	rs1514964
GLIS2-AS1	rs1514964
HARBI1	rs1514964
ATAD2	rs1514964
TMEM38A	rs1514964
OR7C1	rs1514964
LINC02068	rs1514964
FERMT1	rs1514964
MDC1-AS1	rs1514964
SNORD137	rs1514964
MIR4733	rs1514964
LINC01739	rs1514964
FAM166C	rs1514964
SLC16A13	rs1514964
COL26A1	rs1514964
LINC01569	rs1514964
UCK1	rs1415174
RASAL3	rs1415174
SLC25A36	rs1415174
MIR6804	rs1415174
ANKRD62	rs1415174
MIR379	rs1415174
APBB1IP	rs1415174
MIR6715A	rs1415174
PICK1	rs1415174
H4C3	rs1415174
NF2	rs1415174
PDZD7	rs33960734
AKT1	rs33960734
PRNCR1	rs33960734
IPO9-AS1	rs33960734
GANAB	rs33960734
LOC729815	rs33960734
ARFGAP2	rs33960734
PARP4	rs33960734
RUSC1-AS1	rs5776993
YY1AP1	rs5776993
LINC01617	rs5776993
C18orf12	rs5776993
LINC01561	rs5776993
CRYBA4	rs5776993
MIR335	rs5776993
LCAL1	rs5776993
NAPEPLD	rs5776993
FAM238A	rs5776993
HLA-H	rs5776993
NIPAL2	rs5776993
CPT1A	rs5776993
RNASEH2C	rs5776993
MIR3685	rs5776993
LINC00628	rs5776993
RBL1	rs5776993
SNORD114-7	rs5776993
PLA2G4A	rs5776993
SHLD1	rs5776993
ARMC12	rs5776993
KPNA3	rs5776993
SIK2	rs5776993
MIR3161	rs5776993
NOP14	rs5776993
CLEC10A	rs5776993
HGS	rs5776993
MALAT1	rs5776993
FILIP1L	rs5776993
ADGRV1	rs5776993
MIR3681	rs5776993
TBC1D3P2	rs5776993
ASAP1-IT2	rs5776993
ZNF839	rs5776993
LINC01614	rs5776993
BLOC1S5	rs5776993
ABCC10	rs5776993
DYRK3	rs5776993
GMDS	rs5776993
KIF19	rs5776993
HAPLN2	rs5776993
LINC00896	rs5776993
BAG3	rs5776993
TH2LCRR	rs1230666
SGSM3	rs1230666
MAEA	rs1230666
AMPD3	rs1230666
KIR2DS4	rs1230666
MIR4457	rs1230666
MIR4489	rs1230666
IRF1-AS1	rs1230666
TENT4A	rs1230666
BHMG1	rs1230666
DGLUCY	rs1230666
DOT1L	rs1230666
SNORA84	rs1230666
LOC100506023	rs1230666
MIR653	rs1230666
TACR3	rs1230666
SNORD114-2	rs1230666
CLDN5	rs11552449
MGAT5B	rs11552449
PMS2P1	rs11552449
GNRH1	rs11552449
PRICKLE2-AS2	rs11552449
VHLL	rs11552449
MUC12-AS1	rs11552449
SLC22A25	rs11552449
P4HA2	rs11552449
CLIP2	rs11552449
ZNF205	rs11552449
LINC02009	rs11552449
CD177	rs10923574
POU2F2	rs10923574
COL5A2	rs10923574
HMGN3-AS1	rs200087884
LOC101927365	rs200087884
SULT4A1	rs200087884
RANBP6	rs200087884
LOC339539	rs200087884
WDR20	rs200087884
C3orf49	rs200087884
TRMT6	rs368032757
SFTA3	rs368032757
FBXO43	rs368032757
ILVBL	rs368032757
GP1BB	rs368032757
SLC16A12	rs368032757
MIR7850	rs368032757
BCL2	rs368032757
HHIPL1	rs368032757
LOC105379183	rs368032757
SEC24A	rs368032757
MASTL	rs368032757
MIR561	rs368032757
LOC105373876	rs368032757
ESRRB	rs368032757
ST7L	rs368032757
DDX39B	rs368032757
ZBED5	rs368032757
PGM3	rs368032757
LOC100507071	rs368032757
MIR6775	rs368032757
FIS1	rs368032757
MIR3148	rs368032757
TAB1	rs1552172
APOBEC3F	rs1552172
ZNF207	rs57324102
NAGA	rs57324102
LOC100507334	rs57324102
PKIA-AS1	rs57324102
MRGPRE	rs57324102
MAFF	rs57324102
HSP90AB1	rs57324102
MIR10226	rs57324102
NUTM2B-AS1	rs57324102
APOC4-APOC2	rs57324102
MIR16-1	rs57324102
SNORD18B	rs57324102
LOC101930071	rs57324102
LINC01162	rs57324102
SIX5	rs57324102
FEN1	rs57324102
CASTOR2	rs57324102
RYBP	rs57324102
CNEP1R1	rs57324102
PRDM10	rs57324102
ARFGAP3	rs57324102
LOC339803	rs57324102
ZBTB3	rs57324102
CARS1	rs57324102
MIPEP	rs57324102
KCNF1	rs57324102
MAP11	rs57324102
PSME3IP1	rs57324102
COASY	rs11205303
TTC1	rs11205303
MCM8-AS1	rs11205303
BACE1-AS	rs11205303
LINC01976	rs4971059
LRRC3	rs4971059
WDR3	rs4971059
ADAM29	rs4971059
PRR34-AS1	rs4971059
IFNA22P	rs4971059
SCAANT1	rs4971059
RPRML	rs4971059
RNASEH2C	rs4971059
LOC102467081	rs4971059
LOC105377621	rs4971059
SMCR2	rs4971059
OR6X1	rs4971059
MIR6863	rs4971059
MIR6830	rs4971059
MYOC	rs4971059
PNLIPRP3	rs4971059
UCN2	rs4971059
ATP6V1D	rs4971059
HCG17	rs4971059
IL12RB1	rs4971059
LOC105379152	rs4971059
MIR1285-1	rs4971059
LY96	rs4971059
CABP2	rs4971059
FBN2	rs4971059
SNX2	rs4971059
LOC388813	rs4971059
LOC100506885	rs4971059
SNORA84	rs4971059
MMRN1	rs4971059
GPR89A	rs4971059
SERPINB5	rs4971059
PPM1K-DT	rs4971059
SLC27A2	rs4971059
METTL2A	rs4971059
KCNG1	rs4971059
DPF2	rs4971059
ID4	rs4971059
ELOA3D	rs4971059
VPS51	rs4971059
KLHL23	rs4971059
STRN3	rs4971059
HCG4	rs4971059
BTN3A3	rs4971059
MROH8	rs4971059
KRTAP10-11	rs11264454
SLX4IP	rs11264454
PCAT2	rs11264454
HOXB9	rs11264454
GK5	rs11264454
TBX18	rs11264454
MIR6804	rs11264454
FAM174C	rs11264454
ROR1-AS1	rs11264454
KLHDC3	rs11264454
PNISR	rs11264454
KRTAP12-2	rs11264454
ARHGAP27	rs11264454
DCST1	rs11264454
SFXN4	rs11264454
TMEM38B	rs11264454
TTC32	rs11264454
JPT1	rs11264454
SYNPR-AS1	rs11264454
ARHGAP5	rs11264454
OSBPL7	rs11264454
APOBEC3H	rs11264454
LRRC41	rs11264454
LOC341056	rs11264454
DYDC1	rs11264454
EEF1AKNMT	rs11264454
KRTAP10-10	rs11264454
RIOK1	rs11264454
PNPLA3	rs11264454
MPDZ	rs11264454
PRR3	rs11264454
USP25	rs11264454
MIR3663	rs11264454
SLC27A1	rs11264454
ARHGAP18	rs11264454
LOC101927789	rs11264454
GAS2L1	rs11264454
B4GALT1-AS1	rs11264454
MIR675	rs11264454
LINC00917	rs11264454
MGP	rs11264454
C6orf89	rs1894633
KRTAP5-1	rs1894633
ATP8B2	rs1894633
C10orf95	rs1894633
FAM169A	rs1894633
NANOS3	rs1894633
PP7080	rs1894633
AKAP8	rs1894633
SNORA12	rs1894633
ATP6AP1L	rs1894633
DACH1	rs1894633
RHBDF2	rs1894633
ARL8B	rs1894633
ZNF574	rs1894633
PFDN4	rs1894633
UBE2D3	rs1894633
TACR3	rs1894633
HAUS3	rs1894633
RNVU1-6	rs575908
MIR6514	rs575908
EXOC3	rs575908
TFPI	rs575908
SOGA1	rs575908
HOXB1	rs575908
LOC284898	rs575908
PDE6G	rs575908
ATP6V1C2	rs575908
UTS2B	rs575908
CDHR5	rs575908
ANKK1	rs575908
DSC2	rs575908
IFNA17	rs575908
MIR4466	rs575908
HMBOX1	rs56160832
MAPK10	rs56160832
SMPDL3A	rs56160832
RIMS2	rs56160832
PIGN	rs56160832
CMIP	rs56160832
MCHR2-AS1	rs56160832
LOC101928924	rs56160832
FIBIN	rs56160832
SLC12A9-AS1	rs56160832
MIR3686	rs56160832
PSG10P	rs35383942
FAM217A	rs35383942
ZKSCAN3	rs35383942
AGPAT3	rs35383942
TCTE3	rs35383942
ANK3	rs35383942
STEAP3	rs35383942
PER1	rs35383942
TMEM151A	rs35383942
IBSP	rs35383942
LINC01014	rs35383942
SELENOP	rs35383942
TARDBP	rs35383942
LINC00469	rs35383942
MGRN1	rs35383942
PMS2P2	rs35383942
GPC2	rs35383942
MRPL38	rs35383942
DAND5	rs35383942
CES1P1	rs35383942
LINC01333	rs35383942
PAM16	rs35383942
PCMT1	rs35383942
PPP1R18	rs35383942
IRF1	rs35383942
LINC02861	rs35383942
TMEM212	rs35383942
IL17B	rs35383942
METTL23	rs35383942
CRB2	rs35383942
TMEM88	rs35383942
SNORD91A	rs35383942
TBC1D28	rs35383942
IL10	rs35383942
GLDC	rs35383942
ATXN7	rs35383942
LINC01589	rs35383942
DMC1	rs35383942
RTN4RL1	rs35383942
MAFG	rs35383942
MIR331	rs35383942
NICN1	rs12095761
KIAA2026	rs12095761
CD300E	rs12095761
MIR6891	rs72755295
GABPB1	rs72755295
SNAR-I	rs72755295
SNRPG	rs72755295
MEIS1-AS3	rs72755295
DRC7	rs72755295
BCKDHB	rs72755295
OCIAD2	rs72755295
TIPRL	rs72755295
ZNF285	rs72755295
LINC01082	rs72755295
NCAN	rs616488
ADORA1	rs616488
TRIT1	rs616488
TRAK2	rs616488
VAMP3	rs616488
MIR4633	rs616488
LOC101927954	rs616488
LINC02655	rs616488
CLEC14A	rs616488
LINC01739	rs616488
EDIL3	rs616488
MIR640	rs616488
EPHA5-AS1	rs616488
CALCOCO2	rs616488
FEN1	rs616488
MRPS22	rs616488
SACS	rs616488
H2AC14	rs616488
LINC01556	rs2506889
POU5F1P4	rs2506889
ANKRD20A11P	rs199867187
ODF3	rs199867187
MPDZ	rs199867187
SNORD135	rs199867187
MACF1	rs199867187
PANDAR	rs199867187
CYP2R1	rs199867187
FERMT1	rs199867187
SMIM18	rs199867187
TMIGD1	rs199867187
FAM117A	rs199867187
G6PC3	rs199867187
RUSC1-AS1	rs2992756
ACTN1	rs2992756
C1QTNF2	rs2992756
CCDC192	rs2992756
INSC	rs2992756
CLEC17A	rs2992756
C19orf53	rs2992756
FAM87A	rs2992756
REX1BD	rs2992756
MIR4691	rs2992756
STAU2	rs2992756
RPP21	rs2992756
TTC32	rs181270898
AURKA	rs181270898
RNF214	rs181270898
SPIRE1	rs181270898
LOC105377777	rs181270898
LOC171391	rs79724016
CPSF2	rs10683143
TTLL13P	rs10683143
CES1P1	rs10683143
MUC2	rs10683143
NCR3	rs12077974
LEKR1	rs12077974
ASAH1	rs12077974
AIP	rs12077974
CHD1L	rs12077974
DMP1	rs12077974
MIRLET7A3	rs56168262
OR4X1	rs56168262
SNORD3G	rs56168262
ZNF581	rs56168262
RRP7A	rs56168262
CSRP1	rs56168262
KLC4	rs56168262
GCGR	rs56168262
LOC154761	rs56168262
KCNQ1DN	rs17426269
ZFAND3	rs17426269
REN	rs17426269
KIAA1324L	rs7529522
LINC02493	rs7529522
ATP5MGL	rs7529522
PRMT6	rs7529522
RAD17	rs7529522
SLC66A1L	rs7529522
ARMC12	rs7529522
JAML	rs7529522
OR1A1	rs7529522
KCNK18	rs7529522
CLTCL1	rs7529522
UFSP1	rs7529522
MIR1205	rs7529522
MIR8085	rs7529522
RABIF	rs7529522
MEI1	rs7529522
DCAF6	rs7529522
ORM1	rs1962373
TLE5	rs1962373
CHI3L1	rs1962373
PVR	rs666930
CTIF	rs666930
COMMD3-BMI1	rs666930
KCNK18	rs666930
MMRN1	rs35273427
PDIA6	rs35273427
LRRC74A	rs35273427
LOC644762	rs369304377
CEACAM19	rs369304377
MALAT1	rs369304377
INTS13	rs368121891
KLF16	rs368121891
LRRC17	rs368121891
SARS1	rs368121891
MIR4794	rs368121891
INPP4B	rs368121891
LOC100506858	rs368121891
CD81	rs368121891
DBI	rs368121891
PCAT2	rs12048493
PDGFRB	rs12048493
NRIP1	rs12048493
LPIN1	rs12048493
MIR495	rs12048493
FAM189B	rs12048493
ARMH1	rs12048493
TBX2	rs12048493
SNORD140	rs12048493
BSN-DT	rs12048493
HCG9	rs12048493
H3C13	rs12048493
CPD	rs12048493
OR2H1	rs12048493
OGFRP1	rs12048493
WNT8B	rs12048493
LINC01377	rs12048493
ATRIP-TREX1	rs12048493
ODF3L1	rs12048493
COPB2	rs12048493
LINC00111	rs12048493
MIR6818	rs12048493
LINC00652	rs12048493
SLC16A1-AS1	rs12048493
NKD1	rs12048493
BEND7	rs12048493
RPL13AP6	rs12048493
INSYN2B	rs12048493
CCDC91	rs12048493
LOC729681	rs12048493
TRRAP	rs7524950
ARAP2	rs7524950
LAMTOR2	rs7524950
CEP120	rs7524950
LINC01981	rs7524950
SLC39A13	rs7524950
SLC18A1	rs7524950
OR2AE1	rs12091730
CWH43	rs12091730
DLEU2	rs11406084
IFNA13	rs11406084
RGS7	rs11406084
KCNRG	rs11406084
CMC1	rs11406084
PTPN23	rs11406084
SVBP	rs11406084
MIR5582	rs11406084
TMEM254	rs11406084
SHISA4	rs11406084
LIPE	rs11406084
G6PC3	rs11406084
SMIM38	rs11406084
LRRD1	rs60504827
CCDC51	rs60504827
MTUS1	rs60504827
SNX20	rs60504827
PMS2P3	rs60504827
NCAPG	rs60504827
MYC	rs60504827
H3-2	rs60504827
CXCL17	rs60504827
CDK3	rs60504827
NMT1	rs60504827
SLC25A20	rs60504827
CCND1	rs60504827
OR1D5	rs60504827
NPTN-IT1	rs60504827
PLBD1-AS1	rs60504827
SNX18	rs60504827
SCIN	rs60504827
MIR34C	rs60504827
GTSE1	rs60504827
RNH1	rs60504827
TAGLN	rs60504827
UBE2G2	rs60504827
MIR1206	rs60504827
ASH1L-AS1	rs60504827
RPP21	rs60504827
MPP3	rs59867004
LOC101929006	rs59867004
SEC61G	rs59867004
NECTIN2	rs59867004
OR7E37P	rs59867004
CHI3L1	rs59867004
SKAP1	rs59867004
MEGF8	rs59867004
NFE2L3	rs59867004
HAUS3	rs59867004
RNF14	rs59867004
LOC100130370	rs59867004
LOC112267871	rs59867004
NFX1	rs59867004
MIR3161	rs59867004
CD34	rs59867004
MIRLET7A3	rs59867004
CYP51A1-AS1	rs59867004
LINC00856	rs59867004
RBM11	rs59867004
SNORD10	rs59867004
PCSK7	rs59867004
FLJ42969	rs59867004
MAP3K1	rs59867004
GHR	rs59867004
APOA1-AS	rs59867004
HOXB7	rs59867004
TFAP4	rs2810650
MBOAT7	rs2810650
CABP4	rs2810650
CORO1B	rs2810650
TNIP2	rs2810650
FKBP8	rs2810650
WDR74	rs2810650
WDR45B	rs2810650
AKR1A1	rs2810650
PPIF	rs2810650
SFXN4	rs2810650
CRLF1	rs2810650
ITGA2	rs2810650
TINAG	rs2810650
LOC100288570	rs5780403
TMEM243	rs5780403
LOC91370	rs5780403
LINC02225	rs5780403
H2BP1	rs5780403
COX15	rs5780403
CAVIN1	rs5780403
SLC25A21	rs5780403
CHRNB2	rs5780403
CD300C	rs5780403
H2BC8	rs5780403
KCNC1	rs5780403
NASP	rs5780403
BCL2L15	rs5780403
TGIF2	rs5780403
HPCAL4	rs5780403
BASP1P1	rs5780403
RAD51B	rs5780403
EML1	rs5780403
USP32P2	rs2724379
GCN1	rs2724379
XLOC_009911	rs2724379
ZNF821	rs2724379
IFIT5	rs2724379
NME9	rs2724379
ZNF365	rs2724379
SLC25A36	rs2724379
GOSR1	rs2724379
RAB19	rs11117758
LINC01123	rs11117758
ADIPOR1	rs11117758
IL10	rs78295797
ACTR3BP5	rs78295797
MIR31	rs78295797
GPR37L1	rs11583393
VIPAS39	rs185028854
NOA1	rs372562666
RWDD2A	rs372562666
BAIAP2	rs372562666
ELOC	rs372562666
OMG	rs372562666
LINC02410	rs372562666
PRPF31	rs372562666
FBXO43	rs372562666
KRTAP10-6	rs372562666
GDAP2	rs372562666
OR1F12	rs12405132
NFKBIE	rs10796944
LINC02102	rs348196
LOC102724719	rs348196
ZDHHC6	rs348196
RNASEK-C17orf49	rs348196
TIGD3	rs348196
CBY1	rs348196
BABAM1	rs1830298
IDUA	rs13008686
H2BC4	rs13008686
TNP1	rs113577745
LOC105373553	rs113577745
CUL7	rs113577745
CILP2	rs113577745
BAIAP2L2	rs113577745
MIR6815	rs113577745
CABCOCO1	rs113577745
PI15	rs113577745
C22orf46	rs113577745
CRNDE	rs113577745
LOC399975	rs113577745
ZNF213-AS1	rs113577745
ENTHD1	rs113577745
CD46	rs113577745
CALCA	rs113577745
DGCR9	rs113577745
RABGAP1	rs113577745
KRT19P2	rs113577745
ZFP64	rs113577745
MIR935	rs113084984
SNORD135	rs113084984
LOC105375401	rs113084984
TPTE2P6	rs113084984
IP6K1	rs113084984
LRIG2	rs113084984
MIR6500	rs113084984
CTPS1	rs113084984
MIR4439	rs113084984
SF3B3	rs113084984
GTF2IP7	rs113084984
IL7	rs113084984
MIR6765	rs113084984
SH2B2	rs6432241
LOC102467080	rs6432241
PLPPR1	rs6432241
SNORD3A	rs6432241
FAM49B	rs6432241
FLAD1	rs6432241
MIR548AA1	rs6432241
TEX19	rs6432241
ZNF710-AS1	rs75282989
MIR99A	rs75282989
SMURF1	rs75282989
IFNA8	rs75282989
HHIP-AS1	rs75282989
ARHGAP25	rs75282989
H2AC2P	rs6710503
LINC01763	rs6710503
BATF	rs6710503
COL27A1	rs6710503
TMEM221	rs6710503
PABPC1	rs6710503
ERI3	rs6710503
XCR1	rs6710503
NPTN	rs6710503
LINC00163	rs6710503
MMP25-AS1	rs6710503
C3orf62	rs6710503
FARS2	rs6710503
TOP3A	rs12474538
PTPN2	rs12474538
ZNF284	rs12474538
BECN2	rs12474538
NECTIN2	rs6756513
LINC01561	rs6756513
ZNF484	rs6756513
NCF1C	rs6756513
MYO1D	rs6756513
FDXR	rs6756513
SYT5	rs6756513
PITPNM1	rs6756513
KCNQ4	rs6756513
PDCD1LG2	rs6756513
LTA	rs6756513
SUGP2	rs6756513
TNK1	rs6756513
RAB3C	rs6756513
MED13L	rs6756513
ZNF491	rs6756513
IARS1	rs6756513
BOLA1	rs6756513
SLC35B2	rs6756513
H4C5	rs6756513
SAMM50	rs6756513
NINJ1	rs6756513
AGBL4-AS1	rs71801447
LINC00663	rs71801447
LY86-AS1	rs71801447
LOC107985544	rs71801447
MIR411	rs71801447
KAT2A	rs71801447
GRIN2B	rs71801447
FLII	rs71801447
LINC02520	rs71801447
EFNA3	rs71801447
NOTCH2NLA	rs71801447
LOC101929470	rs71801447
HCP5B	rs71801447
GMNC	rs71801447
SLC16A12-AS1	rs71801447
FBXO32	rs71801447
ADRB2	rs71801447
GPX5	rs71801447
C2CD6	rs200484318
BLCAP	rs200484318
CYP1A1	rs200484318
MIR6783	rs200484318
GUCY2GP	rs200484318
SNORA22B	rs200484318
SZRD1	rs200484318
FIBIN	rs200484318
HTR3A	rs200484318
SPTBN2	rs4849887
KRT8P41	rs4849887
NLRC5	rs4849887
SPTLC2	rs4849887
FAM83A	rs4849887
ATPAF1	rs4849887
CCR5AS	rs11690035
PPY	rs11690035
SCARF1	rs11690035
EMX2	rs11690035
MIR187	rs11690035
TSG101	rs11690035
ZSWIM5	rs11690035
CARS-AS1	rs11690035
ILVBL	rs146071273
CCAT2	rs146071273
TRMT2A	rs146071273
MIR670	rs146071273
SCARNA14	rs146071273
TRIM42	rs146071273
TLR6	rs146071273
MYO3B-AS1	rs146071273
TNFRSF11B	rs146071273
CUX1	rs146071273
DDX59-AS1	rs146071273
LOC101928177	rs146071273
SNAPC5	rs146071273
PRICKLE2	rs146071273
EIF4A1	rs11680449
MCRIP1	rs11680449
MAEA	rs11680449
AHNAK	rs11680449
RAD21	rs11680449
LINC00654	rs11680449
PLAUR	rs11680449
GSR	rs11680449
SATB1	rs11680449
LINC00595	rs11680449
PKN1	rs11680449
RGCC	rs11680449
ESR1	rs11680449
PSMA5	rs11680449
KBTBD4	rs11680449
TMEM98	rs11680449
SLFNL1	rs2016394
LINC01899	rs2016394
LOC105377879	rs2016394
MEI1	rs2016394
LINC02105	rs2016394
BRDT	rs2016394
CD300H	rs1550623
FAM78A	rs1550623
SNUPN	rs1550623
CLDN1	rs1550623
TMEM80	rs1550623
WARS1	rs1550623
LGALS9C	rs1550623
ZNF396	rs116183959
RFXANK	rs116183959
OR6B1	rs116183959
MIR5194	rs116183959
GLRA3	rs116183959
DCAF6	rs116183959
C11orf88	rs5837757
ARHGAP5-AS1	rs5837757
CYP4F24P	rs5837757
MIR100HG	rs5837757
LINC00239	rs5837757
SEC31A	rs5837757
SNAPC5	rs5837757
IGSF21	rs62193398
LINC01050	rs62193398
LINC00994	rs62193398
ADCK2	rs62193398
SMAD6	rs62193398
LOC102724596	rs62193398
ATMIN	rs62193398
KRTAP10-9	rs62193398
GEMIN7-AS1	rs62193398
PPP6R1	rs62193398
POU5F1B	rs62193398
LINC02180	rs62193398
TOMM70	rs62193398
DLX2-DT	rs62193398
HOXB-AS1	rs62193398
MIR6794	rs62193398
LOC114841040	rs62193398
MKNK2	rs62193398
PWP2	rs62193398
E2F8	rs62193398
LINC02189	rs62193398
LOC101929297	rs4442975
MRPL23	rs12479355
RRNAD1	rs12479355
DOK2	rs12479355
ATP13A1	rs11684853
ITGB1BP1	rs11684853
FLYWCH2	rs11684853
RNU5F-1	rs10169133
LOC105375401	rs10169133
PAIP1	rs10169133
RCE1	rs10169133
OR8G2P	rs10169133
EIF5AL1	rs10169133
ZNF56	rs10169133
RNU1-2	rs10169133
SLC22A2	rs1971136
MIR1227	rs1971136
ZNF174	rs1971136
LINC00977	rs113953597
KLF16	rs113953597
LINC00993	rs113953597
SUSD3	rs113953597
OCLN	rs113953597
ZCWPW2	rs113953597
SLC25A44	rs113953597
NDUFA3	rs144079028
LINC01628	rs144079028
NPTN-IT1	rs144079028
ZNF189	rs144079028
OSBPL5	rs144079028
PTCD1	rs144079028
LINC02181	rs144079028
MIR4724	rs144079028
SNORD77B	rs144079028
ASH1L	rs144079028
LOC101929117	rs144079028
APOE	rs144079028
NBPF9	rs144079028
MIR4257	rs17029056
FAM155A	rs17029056
LINC00334	rs17029056
CCDC163	rs17029056
MANSC4	rs17029056
LINC00489	rs17029056
FOXL2NB	rs17029056
ISG20L2	rs17029056
RNF182	rs17029056
KIF4B	rs72001329
TMEM225B	rs72001329
LOC101929413	rs72001329
LOC101929882	rs72001329
ASRGL1	rs72001329
MEOX1	rs72001329
MIR34C	rs72001329
ARRDC3-AS1	rs72001329
NOL8	rs72001329
SNORA70J	rs72001329
PALM3	rs72001329
FTO-IT1	rs72001329
TPM4	rs72001329
ELFN2	rs9712235
LOC114841040	rs9712235
RBM11	rs9712235
SARS1	rs9712235
RTRAF	rs9712235
CPA5	rs9712235
MIR92A1	rs9712235
NPLOC4	rs9712235
GRK2	rs9712235
RPEL1	rs9712235
SNORA48	rs9712235
FASN	rs13416342
MIR432	rs13416342
RNU1-2	rs13416342
MFSD2A	rs13416342
ADAMTSL4	rs13416342
EBLN1	rs4848599
NCAPG	rs4848599
SNORD13F	rs4848599
ACTL8	rs4848599
SNORD18A	rs4848599
CCDC163	rs4848599
LPL	rs4848599
LOC108783654	rs4848599
DTNA	rs4848599
ZNF14	rs4848599
LINC01792	rs4848599
NKX6-1	rs4848599
POLR2J2	rs200725404
DAP3	rs200725404
PLCL2	rs200725404
GMIP	rs200725404
TBX10	rs200725404
LINC02667	rs200725404
ZNF285	rs73034872
ADRB2	rs73034872
ASPN	rs75116627
HSPB2	rs75116627
SPDYC	rs75116627
LINC00621	rs75116627
CYB5D1	rs75116627
CABP7	rs75116627
SH3PXD2A-AS1	rs75116627
MT1JP	rs75116627
CABP4	rs75116627
TNFRSF10A	rs75116627
ZKSCAN8	rs77688320
TEX41	rs4674124
NUDT9	rs4674124
FAM228A	rs4674124
TEX15	rs4674124
MICA-AS1	rs4674124
SMURF2P1-LRRC37BP1	rs4674124
DBF4	rs4674124
LRRC25	rs4674124
CUL7	rs4674124
PHLPP2	rs34005590
DNASE2	rs34005590
TMEM275	rs11693806
MIR4686	rs11693806
MT1A	rs6436017
OR12D1	rs6436017
HMGCLL1	rs6436017
GGTLC3	rs6436017
MEFV	rs6436017
UFD1	rs6436017
SLC16A12-AS1	rs6436017
RASAL2	rs6436017
WDR38	rs6436017
LINC00658	rs66686620
NYAP1	rs66686620
DLL1	rs66686620
MIR5691	rs66686620
LOXL1	rs66686620
H1-1	rs66686620
TRAPPC10	rs66686620
RDH14	rs2714486
MEPE	rs2714486
TMEFF1	rs16857609
INSC	rs16857609
MIR1226	rs16857609
MICOS10P1	rs9837602
GRB2	rs9837602
FOXQ1	rs9837602
LINC00934	rs9837602
RAB1B	rs9837602
IL6R	rs9837602
RAB25	rs9837602
SNORA48	rs9837602
SLC5A5	rs9837602
CCDC127	rs6776003
MIR483	rs6776003
CADM2-AS2	rs6776003
PAN3-AS1	rs6776003
APTX	rs6776003
GPR4	rs6776003
MIR6786	rs6776003
IFT43	rs6776003
ZFYVE28	rs6776003
PLPP4	rs6762644
ODF3	rs6762644
TMCC3	rs6762644
DYDC1	rs6762644
BET1L	rs6762644
ADRB3	rs6762644
SLC17A3	rs1375631
RIN2	rs1375631
MIR4761	rs1375631
TMEM212-AS1	rs1375631
LINC02478	rs1375631
LOC105373553	rs1375631
MYMX	rs1375631
IFITM5	rs1375631
HSPB8	rs1375631
TALAM1	rs1375631
CHRNB2	rs1375631
SEC31B	rs1375631
CHIT1	rs1375631
LYL1	rs60936670
SYNGR1	rs60936670
MIR582	rs73822569
CCDC102A	rs73822569
P3H2	rs73822569
C5orf67	rs73822569
SPEM2	rs12493607
WDR19	rs12493607
MIRLET7C	rs12493607
CNNM1	rs9867461
SNORA70J	rs9867461
SNW1	rs9867461
TPTEP2	rs9867461
KCNF1	rs9867461
RBM8A	rs61729152
OR2A20P	rs61729152
MYBPHL	rs61729152
ANKIB1	rs61729152
RNVU1-8	rs61729152
LCP2	rs61729152
TBX5-AS1	rs61729152
OR4B1	rs61729152
FAXDC2	rs61729152
H4C2	rs61729152
MXD1	rs61729152
LOC648987	rs61729152
FOXP1-AS1	rs61729152
FRRS1	rs61729152
OR4X2	rs61729152
MIR4801	rs61729152
WRN	rs61729152
LINC00954	rs61729152
RNF157-AS1	rs61729152
LINC02160	rs61729152
LOC105370024	rs61729152
LOC101927124	rs61729152
MMP2-AS1	rs61729152
HSD17B11	rs61729152
LOC101928505	rs61729152
TRMU	rs61729152
PMS2P1	rs61729152
MYBPH	rs61729152
CIRBP-AS1	rs61729152
MZT1	rs61729152
FAM126B	rs61729152
TMUB2	rs61729152
NEURL1	rs61729152
LYVE1	rs61729152
TMEM256-PLSCR3	rs61729152
CLPS	rs61729152
FOXO6-AS1	rs61729152
URAD	rs61729152
PITX3	rs61729152
DELE1	rs61729152
LOC339803	rs61729152
TRIM46	rs61729152
NUBP1	rs61729152
CLDN1	rs61729152
FOXI1	rs61729152
L3MBTL2-AS1	rs61729152
PIGR	rs61729152
CDPF1	rs61729152
CLDN19	rs3821902
H19	rs3821902
NOL10	rs3821902
BEST2	rs3821902
TBC1D10C	rs3821902
SCGB1D2	rs3821902
SF3A2	rs3821902
ESS2	rs3821902
CAPN1	rs3821902
NES	rs6805189
MIR600HG	rs6805189
H1-5	rs6805189
EXOC3	rs6805189
LOC100128059	rs6805189
MIR4258	rs6805189
PHACTR1	rs6805189
MESP2	rs6805189
ZNF227	rs6805189
MIR7975	rs9833726
NYAP1	rs9833726
BHLHE40-AS1	rs9833726
ABCA1	rs9833726
LRRN4	rs13066793
SNORD114-5	rs13066793
SRRM4	rs13066793
AURKB	rs13066793
FOXF1	rs13066793
MC3R	rs13066793
NOTCH2NLA	rs9833888
CCDC170	rs9833888
MIR548H2	rs9833888
LINC01624	rs11298677
C4BPB	rs11298677
NT5E	rs11298677
PCM1	rs11298677
ATP1A1	rs142253798
LCTL	rs142253798
SMAD2	rs142253798
GTF2H1	rs142253798
TRAPPC10	rs142253798
FOXQ1	rs142253798
MIR4740	rs142253798
SLC38A10	rs142253798
IFITM4P	rs142253798
LRRC41	rs142253798
MTMR3	rs142253798
PPP3R2	rs142253798
PSMD6	rs142253798
NEK6	rs142253798
CASTOR3	rs142253798
R3HCC1	rs142253798
RAB11FIP4	rs142253798
MIR6891	rs142253798
VARS1	rs142253798
AKAP8	rs142253798
SPINK4	rs142253798
KLHL38	rs142253798
SRRD	rs2136690
ADAMTS9-AS1	rs2136690
NMNAT1	rs2136690
CCAR2	rs2136690
LINC01147	rs2136690
MYBPHL	rs2136690
SNORD146	rs2136690
MIR29C	rs2136690
TNFRSF19	rs2136690
PRSS35	rs2136690
BLOC1S5	rs7637701
MTUS1	rs7637701
PTGES3L-AARSD1	rs7637701
LINC02224	rs7637701
CRYBB1	rs7637701
ZMAT3	rs7637701
TTC39A	rs12152414
MLIP	rs12152414
DMP1	rs12152414
MIR6855	rs12152414
CYGB	rs12152414
CDCA5	rs12152414
MIR5692A1	rs12152414
PI16	rs12152414
PLPPR1	rs7430456
PDSS1	rs7430456
FGF7	rs7430456
MCM10	rs7430456
COPS2	rs7430456
PRG4	rs7430456
ZNF204P	rs7430456
SERPINE1	rs7430456
POP7	rs9882792
CCDC170	rs9882792
DRD2	rs9882792
PHOSPHO2	rs9882792
CEP164	rs9882792
TLR6	rs9882792
NFKBIA	rs9882792
ADNP	rs9882792
CROCCP2	rs9882792
LINC01729	rs9882792
EXOC3L2	rs9882792
IL12B	rs9882792
LOC100996325	rs9882792
CARS-AS1	rs9882792
RALGAPA2	rs6787391
JAML	rs6787391
LINC00917	rs6787391
ALKBH4	rs6787391
TAB2	rs6787391
RUNDC1	rs6787391
LINC01628	rs141634179
PSPH	rs141634179
MIR4520-2	rs141634179
MGAT4FP	rs141634179
TBC1D10C	rs141634179
SRRM5	rs141634179
MIR1207	rs7619833
MEI1	rs17838698
PITX3	rs17838698
DMRTA1	rs17838698
GZMK	rs17838698
BBIP1	rs6789440
CDH2	rs6789440
MIR8087	rs6789440
IGF2-AS	rs6796502
PTF1A	rs6796502
ARHGEF34P	rs6796502
MED31	rs6796502
DNAH2	rs6796502
HDC	rs6796502
MEGF8	rs6796502
TMED8	rs6796502
CDKL3	rs6796502
FOXL1	rs6796502
SNORA22B	rs6796502
BRF2	rs6796502
PTK7	rs6796502
MIR1285-1	rs6796502
MAN2B1	rs6796502
THBS2	rs6796502
IFNA7	rs6796502
CYCS	rs6796502
CHID1	rs6796502
LOC114841040	rs6796502
NKX2-6	rs6796502
LOC101928251	rs6796502
CCDC85B	rs6796502
MESP2	rs6796502
PRORP	rs6796502
MIR193A	rs56387622
PGD	rs56387622
CFL1	rs56387622
FBH1	rs56387622
IRF2BPL	rs56387622
SPIRE1	rs56387622
VAT1	rs146331761
U2AF2	rs146331761
HMCN2	rs146331761
WDR19	rs146331761
TMEM246-AS1	rs146331761
NDUFB2	rs145407011
H3C7	rs145407011
MROH3P	rs145407011
LINC02544	rs145407011
HROB	rs145407011
C22orf46	rs71281886
AFG3L2	rs71281886
ZNHIT2	rs71281886
SNAI2	rs71281886
PVALB	rs71281886
LOC284454	rs71281886
ATF7IP	rs71281886
PTPMT1	rs71281886
ADAM15	rs71281886
CIITA	rs13079292
XRCC6	rs13079292
MEIS1-AS3	rs13079292
ZNF703	rs13079292
MPV17L2	rs13079292
DSEL	rs13079292
RIC1	rs13079292
SNORD114-7	rs13079292
LOC105370622	rs13079292
REXO2	rs13079292
NDUFS7	rs13079292
ZNF823	rs13079292
LOC105373064	rs13079292
C12orf60	rs13079292
APOC1	rs13079292
PHF23	rs13079292
EIF5	rs13079292
DSCAML1	rs13079292
FLJ33534	rs13079292
MSMB	rs13079292
FLT3	rs13079292
ISG20L2	rs13079292
NEURL1-AS1	rs13079292
RBM6	rs1450985
SIK3	rs1450985
MIR425	rs1450985
IL2RB	rs1450985
SRP54	rs1450985
MCL1	rs1450985
RIN3	rs1450985
CRLS1	rs1450985
CCDC173	rs34207738
LOC100287042	rs34207738
EGLN3	rs34207738
NCAM1-AS1	rs34207738
FAT4	rs34207738
GPR25	rs34207738
MIR495	rs34207738
NFE2L3	rs34207738
CTDNEP1	rs58058861
CIART	rs58058861
CLK2	rs58058861
LINC01561	rs56138756
LRWD1	rs56138756
TMEM98	rs56138756
PACERR	rs1053338
RNASEH2C	rs1053338
IL11	rs78579487
GRK7	rs78579487
TOB2P1	rs78579487
FOXO6-AS1	rs77485526
ASIC2	rs77485526
SSR4P1	rs77485526
MYL9	rs77485526
IER3IP1	rs77485526
FZD2	rs77485526
RDH14	rs77485526
LY6G5C	rs77485526
ERLIN2	rs77485526
ARPC5L	rs77485526
MIR3118-1	rs77485526
LINC01146	rs1963045
MEFV	rs1963045
MIR1226	rs1963045
LCP2	rs1963045
MEDAG	rs1963045
AFG3L2	rs1963045
FLVCR2	rs1963045
CFAP97D1	rs1963045
SNORA84	rs1963045
MIR181B2	rs1963045
HTR7	rs1963045
C2CD6	rs1963045
LINC01714	rs1963045
CAPNS2	rs1963045
ATP1A1-AS1	rs1963045
CLCC1	rs1963045
TBC1D23	rs1963045
IL24	rs1963045
SNORD3C	rs1963045
SNORD111	rs1963045
DCAF16	rs1963045
FLJ42969	rs9884765
MLIP	rs9884765
ALG6	rs9884765
CCDC85C	rs9884765
GEMIN7-AS1	rs34853779
HPCAL1	rs34853779
GNAO1	rs34853779
LINC01654	rs34853779
KIF14	rs34853779
ATP5MD	rs34853779
CCDC130	rs16342
MEIS2	rs16342
CIC	rs16342
FUBP3	rs16342
CCDC105	rs16342
SGSM3	rs16342
LOC642361	rs16342
ETS1	rs16342
NAXE	rs16342
PTCHD3	rs16342
LINC00895	rs16342
TNFRSF10B	rs16342
H4C2	rs16342
SLC24A2	rs16342
ANKRD20A19P	rs16342
MIR1913	rs16342
MIR3921	rs16342
IFITM4P	rs16342
LRRC73	rs16342
ABI3	rs16342
TBX2	rs16342
REST	rs16342
PPIE	rs16342
PNLIP	rs16342
FAM50B	rs16342
HEPACAM2	rs16342
LINC02729	rs16342
HCG22	rs16342
LOC105376975	rs16342
LINC00856	rs16342
GNA11	rs16342
EXOC3L2	rs16342
POMT2	rs16342
MEG9	rs16342
AP4E1	rs16342
LINC00663	rs16342
FRMD6	rs16342
PPP1R35	rs16342
TOPORS	rs16342
BAG3	rs16342
BTN3A3	rs16342
AHCYL1	rs199501877
NOLC1	rs199501877
MAEA	rs199501877
KRTAP12-3	rs199501877
SPATA7	rs199501877
CMTR1	rs199501877
LINC00628	rs199501877
EBPL	rs199501877
C10orf82	rs199501877
PEX11B	rs199501877
ZNRD1	rs199501877
FCAMR	rs199501877
MIR129-2	rs199501877
CDKN1A	rs199501877
PVALEF	rs199501877
CDK5R1	rs199501877
CAPN11	rs199501877
ETS1-AS1	rs199501877
GADD45GIP1	rs199501877
SRPK1	rs199501877
PNO1	rs12506630
CD74	rs12506630
PAQR4	rs12506630
LOC114841040	rs12506630
TIPARP	rs12506630
SNORD83B	rs12506630
PVALB	rs12506630
PHLDB3	rs12506630
PAX7	rs12506630
ENSA	rs12506630
ASAP1-IT2	rs12506630
FBXW10	rs12506630
TICRR	rs12506630
VGF	rs12506630
KIAA1324L	rs71599425
TRPM2	rs71599425
SLC25A17	rs71599425
CYP3A43	rs71599425
MMAA	rs71599425
OR2H2	rs11284646
RNF212	rs11284646
CTBP1-AS	rs11284646
LINC00240	rs11284646
LINC00260	rs10022462
MT1L	rs10022462
ARMH3	rs10022462
SPATA42	rs10022462
MED30	rs10022462
RAB11FIP2	rs10022462
POLR2J	rs10022462
PDE4DIP	rs10022462
ARL8A	rs10022462
SZRD1	rs10022462
LINC02513	rs10022462
MKNK1-AS1	rs10022462
SLIRP	rs10022462
ARPC5L	rs10022462
HEPACAM2	rs10022462
RASAL3	rs10016947
PLEKHG4B	rs10016947
CRYAA	rs10016947
NGRN	rs10016947
RNF135	rs10016947
PCBP3-AS1	rs10016947
TMEM169	rs10016947
CPLX3	rs10016947
MIR1226	rs10016947
KRTAP10-10	rs10016947
MIR548AA1	rs10016947
SF3B4	rs10016947
KIF7	rs10016947
CALCA	rs6818581
FOSL1	rs6818581
DMRTA2	rs6818581
CCDC188	rs6818581
TFF3	rs6818581
LOC339862	rs6818581
ZASP	rs6818581
LOXL1	rs6818581
CLK1	rs6818581
TBL1XR1	rs6818581
C1orf189	rs6818581
OR1A2	rs6818581
KLF3	rs6818581
LOC101928222	rs6818581
MIR4720	rs6818581
ACAP1	rs6818581
C2orf76	rs7697216
PPCS	rs7697216
MIR548J	rs7697216
COCH	rs7697216
PRPF3	rs7697216
MEGF11	rs7697216
MIR4756	rs7697216
ARMC6	rs7697216
GAL	rs7697216
LINC01654	rs7697216
BASP1	rs1966977
MIR5694	rs1966977
FOXD3	rs1966977
ZBTB42	rs1966977
DNMBP	rs1966977
MGAT4FP	rs1966977
PPRC1	rs1966977
RBL2	rs1966977
LINC01656	rs77198337
PMF1	rs77198337
HECTD3	rs77198337
ADAM7	rs77198337
UTS2	rs77198337
SECTM1	rs77198337
CDNF	rs77198337
OR3A1	rs77198337
MIR5011	rs77198337
LOC339593	rs6815814
LINC00977	rs6815814
CD247	rs6815814
TNNI2	rs6815814
P4HA2	rs6815814
LOC101928272	rs6815814
ITPK1-AS1	rs6815814
MIR4443	rs6815814
NLGN1	rs6815814
MIR1245A	rs6815814
SNORD114-7	rs6815814
LOC107985544	rs6815814
CYP3A5	rs6815814
SAMD9L	rs6815814
GOT1	rs6815814
COQ9	rs6815814
FKTN	rs6815814
MIR4421	rs6815814
IRX2	rs6815814
CCDC34	rs6815814
PLXNA2	rs6815814
MIR4763	rs6815814
BRINP2	rs6815814
PPP2R1B	rs6815814
H1-4	rs6815814
ALKBH3-AS1	rs6815814
DVL2	rs6815814
CLCF1	rs4865169
FAM238C	rs4865169
HSD3B1	rs4865169
KCNQ1DN	rs4865169
EMBP1	rs4865169
LINC01553	rs4865169
CERS1	rs4865169
H2BC18	rs4865169
CCAT1	rs4865169
LOC101928737	rs4865169
OR6B1	rs4865169
NBR1	rs4865169
SF3B4	rs4865169
MIR4521	rs4865169
SNORD117	rs4865169
IRGQ	rs4865169
C17orf77	rs4865169
INO80C	rs4865169
SNHG16	rs4865169
DNAJC27-AS1	rs4865169
LINC01714	rs4865169
KIAA0930	rs4865169
RPL29P2	rs4865169
RAB18	rs62315512
CHD3	rs62315512
MIR6784	rs62315512
LOC401312	rs2725207
RAB5C	rs2725207
CFL1	rs2725207
TNFSF8	rs2725207
STAG3L1	rs2725207
CHIT1	rs2725207
LINC01422	rs2725207
PAQR4	rs62331150
ASAP1-IT2	rs62331150
MIR4513	rs77928427
TENT4A	rs77928427
LOC101927023	rs77928427
GPCPD1	rs77928427
RNU6-8	rs77928427
IL11	rs77528541
TFDP2	rs77528541
TMEM177	rs77528541
TNFSF11	rs77528541
LINC02246	rs151170584
SNTG1	rs151170584
PTTG1	rs4702131
LPA	rs4702131
TLE2	rs4702131
RAET1G	rs4702131
QDPR	rs4702131
IPO9	rs4702131
TMEM254-AS1	rs4702131
SLC25A39	rs4702131
SEPTIN14	rs12519859
PIDD1	rs12519859
BPI	rs12519859
MIR345	rs12519859
MIR7108	rs12519859
EFNA4	rs12519859
JHY	rs245279
APOC4-APOC2	rs10051199
MIR6752	rs10051199
RNU5F-1	rs10051199
CLPTM1	rs10051199
OSBPL5	rs10051199
FAM174C	rs10051199
MIR6805	rs10051199
MIR10525	rs10051199
TMEM177	rs10051199
LINC02090	rs10051199
LOC105370622	rs10051199
TMPRSS6	rs10051199
LINC02127	rs10051199
ASPHD2	rs10051199
TMEM178B	rs139824696
GSTM1	rs139824696
BLOC1S5	rs139824696
YME1L1	rs139824696
KLC2	rs139824696
SEH1L	rs139824696
FAM83G	rs139824696
C17orf113	rs139824696
LZIC	rs139824696
ZEB2	rs139824696
ARHGEF34P	rs139824696
NRDE2	rs139824696
MIR1245B	rs139824696
NFKBIE	rs139824696
WSPAR	rs13162653
OR13F1	rs13162653
MIR608	rs13162653
LOC105373878	rs13162653
NUDT21	rs13162653
HAUS3	rs13162653
CENPH	rs66783663
ARMC3	rs66783663
HTR1F	rs66783663
LOC102724357	rs66783663
MIR3126	rs73098691
PPRC1	rs73098691
CORIN	rs73098691
SNORA101B	rs73098691
SFTPA1	rs73098691
SULT4A1	rs73098691
PRAC1	rs73098691
DERL1	rs73098691
GFM2	rs73098691
POLR2K	rs73098691
SPATA13	rs73098691
LINC01843	rs73098691
KCNF1	rs73098691
LINC01842	rs73098691
SLC6A15	rs12189522
LRRC46	rs12189522
SNRPG	rs12189522
CHD3	rs12189522
QRICH2	rs1697139
PGM3	rs1697139
MAD2L1BP	rs1697139
H2AC11	rs1697139
ITGA2	rs1697139
PRELP	rs157554
VPS33B-DT	rs157554
HFE	rs157554
LOC101927272	rs157554
LRRC3B	rs157554
LOC102723345	rs157554
FGFR3	rs157554
MIR6165	rs157554
NME6	rs157554
RGS10	rs157554
MIR675	rs157554
MPDU1	rs157554
STRIP1	rs157554
SEC14L5	rs157554
MIR3663HG	rs157554
MIR3714	rs157554
LOC101929524	rs72774916
DNM1P35	rs72774916
CLTCL1	rs72774916
CCL17	rs72774916
WDFY3-AS2	rs2407156
DYNC1H1	rs2407156
CYP4F3	rs2407156
HLA-J	rs2407156
MIR433	rs2407156
CXCR6	rs2407156
HIPK1	rs2407156
LINC02554	rs12110303
PRC1-AS1	rs12110303
OXCT2P1	rs12110303
ZNF433-AS1	rs12110303
SNORA23	rs6882649
KCNIP1-OT1	rs6882649
AIF1	rs6882649
LINC01772	rs6882649
P3R3URF	rs6882649
ADSS1	rs6882649
ZNF37A	rs6882649
PRR15	rs6882649
ZNF75A	rs199817973
SLC25A40	rs199817973
ZNF286B	rs199817973
C1orf185	rs199817973
BTG2	rs199817973
TRIM56	rs199817973
OR1F2P	rs199817973
MIR496	rs199817973
UBD	rs199817973
SENP3	rs10629804
FOXL1	rs10629804
LINC00334	rs10629804
MMAA	rs10629804
C5orf15	rs10629804
LOC101928663	rs10629804
SASS6	rs10629804
DACH1	rs75887402
OR1I1	rs36715
MKLN1-AS	rs36715
TH	rs36715
CSPG4	rs36715
COPE	rs36715
LOC105378146	rs36715
CDKL3	rs36715
PSMD13	rs2963155
PTPRJ	rs2963155
OR13C4	rs2963155
HES7	rs2963155
SCP2D1	rs250677
CCDC105	rs250677
CPSF3	rs250677
ZNF521	rs250677
ZNF263	rs250677
MN1	rs250677
MIR25	rs250677
FRGCA	rs250677
LOC105378430	rs250677
GMCL1	rs250677
HSPB9	rs250677
ARMH1	rs250677
MIR12121	rs250677
ABCB1	rs250677
ZEB2	rs250677
ZBTB44	rs250677
ADAM3B	rs250677
MRPS17	rs250677
CD3EAP	rs250677
LINC02180	rs250677
MPDZ	rs250677
EPHB4	rs250677
IFITM3	rs250677
LILRB5	rs250677
CEACAM8	rs250677
SNORD46	rs250677
ADAM30	rs250677
TNFSF8	rs250677
PTPRE	rs250677
PRPSAP2	rs250677
GBF1	rs250677
RAD51B	rs250677
C5orf67	rs250677
MIR4498	rs250677
RFPL4AL1	rs250677
GBAP1	rs6890610
MIR3123	rs6890610
IL17B	rs6890610
PI4KAP1	rs6890610
C1orf116	rs6890610
SLC22A3	rs6890610
TRIL	rs6890610
SNORA67	rs6890610
RPS10P7	rs6890610
FOXP1-AS1	rs11135046
SDC4P	rs11135046
SDHAP3	rs11135046
SERHL2	rs11135046
MUC1	rs11135046
LINC00473	rs11135046
TMEM242	rs11135046
CKAP5	rs11135046
EXT1	rs4562056
LOC730668	rs4562056
ZSCAN31	rs4562056
NPTX2	rs4562056
SPRY4-AS1	rs4562056
NBPF10	rs4562056
NAV1	rs4562056
OTOG	rs4562056
SGCB	rs4562056
FKTN	rs4562056
ARMH2	rs4562056
MIR378A	rs4562056
LOC101929066	rs4562056
GTPBP1	rs4562056
PTPN22	rs4562056
APLF	rs4562056
REP15	rs4562056
SNRNP48	rs4562056
SNORD114-14	rs4562056
LINC01108	rs4562056
SLC2A1	rs116095464
LOC105379176	rs116095464
LSP1	rs116095464
PLK5	rs116095464
POLE3	rs116095464
IFNA14	rs116095464
SLX4IP	rs190811224
YBX1	rs190811224
MIR7844	rs190811224
OTOP3	rs190811224
CREG1	rs190811224
SAA2	rs190811224
LINC02090	rs190811224
ADAMTS17	rs190811224
BICDL1	rs190811224
KRTAP10-1	rs190811224
CD83	rs190811224
DMWD	rs190811224
C2CD2	rs10069690
SPHK1	rs10069690
CDCA7	rs10069690
SLC22A23	rs10069690
KMT5C	rs10069690
RC3H2	rs10069690
LOC153684	rs10069690
SLC16A3	rs10069690
LINC00607	rs10069690
VSTM2A-OT1	rs2617583
IGSF21	rs2617583
LRIG2	rs2617583
LOC105371814	rs2617583
ASCL3	rs2617583
MDK	rs2617583
HOPX	rs2617583
MIR4639	rs2617583
KDM4C	rs2617583
PWP2	rs2617583
PLPPR5	rs2617583
MMP2-AS1	rs7709328
HMGCR	rs7709328
BMP8A	rs7709328
H2BP1	rs7709328
DENND10	rs7709328
MIR6805	rs7709328
LINC01136	rs7709328
LOC105377879	rs7709328
MAST3	rs7709328
TFIP11	rs7709328
NAA60	rs57380813
LINC02801	rs57380813
SLC35B2	rs57380813
MIR611	rs57380813
HMOX2	rs57380813
NEO1	rs57380813
CSNK1G3	rs57380813
SATB2-AS1	rs57380813
NXPE4	rs57380813
MIR8058	rs57380813
BMP2	rs57380813
UBXN2A	rs57380813
LINC00423	rs57380813
H4C15	rs57380813
ITGA6-AS1	rs57380813
ODF4	rs57380813
ATP10D	rs2012709
C6orf118	rs2012709
SMPDL3A	rs2012709
ZCCHC24	rs2012709
C2orf42	rs2012709
ZNF322	rs2012709
CZ1P-ASNS	rs191057893
FRGCA	rs191057893
TRIM42	rs191057893
NRXN3	rs191057893
PAM16	rs13186320
NBPF4	rs13186320
LINC01375	rs13186320
STEAP3-AS1	rs2589161
NANOS3	rs72749841
NIBAN3	rs72749841
GNRH1	rs72749841
OR2A14	rs116464256
PLXNA2	rs116464256
LRRC46	rs144727871
SLC17A3	rs144727871
ANGEL1	rs144727871
LINC01622	rs144727871
NEFM	rs4254863
SHBG	rs4254863
NOVA2	rs4254863
LOC100130992	rs4254863
GFM2	rs4254863
ATP1A3	rs4254863
GMNN	rs4254863
RIMKLA	rs4254863
PTTG1	rs7378815
LINC01611	rs7378815
FMNL1	rs7378815
ARID1B	rs7378815
OR1E3	rs7378815
CHN2-AS1	rs7378815
DCST1	rs7378815
ZMAT3	rs7378815
CYP2D7	rs6890270
LRRC28	rs6890270
ZNF703	rs6890270
YJEFN3	rs6890270
IL27RA	rs35100619
VARS1	rs35100619
TMEM225	rs35100619
SPATA32	rs35100619
TSSK6	rs35100619
GABPB1	rs9292195
SLC10A6	rs9292195
HID1-AS1	rs9292195
CDC7	rs9292195
HCG20	rs184886
APLP2	rs184886
SPTSSA	rs184886
CCNK	rs184886
USP32P2	rs184886
LINC01629	rs184886
DOCK10	rs184886
SELENOI	rs184886
SULT4A1	rs184886
POMP	rs184886
TRIM56	rs184886
MIR3613	rs184886
LINC00303	rs184886
MIR4262	rs184886
KIAA1656	rs184886
HLA-V	rs184886
MIR181A2	rs184886
VPS50	rs6878727
LOC154449	rs6878727
CLCF1	rs6878727
MROH8	rs1112956
OTOP3	rs1112956
ARPIN	rs1112956
ETAA1	rs1112956
LOC154449	rs6860806
NAGA	rs6860806
SLC22A20P	rs6860806
VCAM1	rs6860806
AMN	rs6860806
PCYOX1L	rs6860806
PPP6R3	rs6860806
MIR181D	rs6860806
USP46-AS1	rs6860806
MARCO	rs6860806
IFITM4P	rs6860806
MIR146B	rs6860806
UBE2Q1-AS1	rs6860806
ODC1	rs6860806
POU5F1B	rs6860806
ATXN7L3	rs6860806
MIR376B	rs6860806
ARHGEF5	rs6860806
QDPR	rs6860806
LINC01440	rs6860806
ELL	rs6860806
CCR9	rs6860806
CCDC38	rs6860806
CCDC172	rs6860806
ANKRD13D	rs6860806
SLC25A29	rs6860806
ITGB2	rs6860806
TTC12	rs6860806
UBE2S	rs6860806
PHF10	rs736801
PVALEF	rs736801
BDH2	rs736801
SFT2D1	rs6596100
SRP54-AS1	rs6596100
YME1L1	rs6596100
IL27RA	rs6596100
PUS10	rs6596100
LINC00868	rs6596100
ZMPSTE24	rs6596100
RNMT	rs6596100
SNORD114-28	rs6596100
EFCAB6-AS1	rs6596100
RAP1GAP2	rs6596100
CCDC71	rs6596100
CENPE	rs6596100
LINC01106	rs6596100
ATP5MF	rs6596100
MIR1285-2	rs6596100
CDR2L	rs2853669
RBMS3-AS1	rs3215401
SLC50A1	rs3215401
ZHX2	rs3215401
SELENOF	rs930395
UQCRC1	rs930395
PLXDC2	rs26067
CDKN2B-AS1	rs26067
KRTAP12-1	rs75282042
SLC29A2	rs62355902
PDE10A	rs10472076
PCYT2	rs6449898
CAVIN1	rs6449898
UCN2	rs146817970
ARMT1	rs146817970
LOC108783645	rs17543752
COQ9	rs7768862
LOC102467222	rs7768862
LAX1	rs7768862
MIR191	rs7768862
GEMIN2	rs7768862
SULT4A1	rs7768862
DGCR9	rs7768862
IRF2BP1	rs7768862
KRTAP12-2	rs7768862
ALDH4A1	rs7768862
SLC25A20	rs7768862
MIR5089	rs3757322
LOC440895	rs3757322
MIR6777	rs3757322
NT5C1B-RDH14	rs3757322
LINC01123	rs3757322
LIN54	rs80199833
TTYH2	rs80199833
IGFBP7	rs80199833
DNM3OS	rs80199833
MIR3921	rs80199833
FAM155A	rs80199833
RPS15	rs80199833
TMEM212-AS1	rs80199833
LINC00921	rs80199833
KRT8P41	rs80199833
FAM166C	rs80199833
SLC17A2	rs80199833
NICN1	rs80199833
CDCA4	rs145711907
DGKH	rs145711907
OR2A42	rs145711907
MCC	rs145711907
ECT2	rs145711907
CCDC88C	rs145711907
JAZF1-AS1	rs145711907
ZNF827	rs145711907
FST	rs145711907
CDKN2A-DT	rs145711907
NTSR2	rs145711907
SLC6A18	rs145711907
POLR2B	rs145711907
MIR29C	rs145711907
CEACAM8	rs145711907
ADRA1B	rs145711907
MRPL21	rs145711907
GPHN	rs145711907
PLAC9	rs145711907
VN1R10P	rs9379084
C9orf78	rs9379084
MIR7844	rs9379084
OR6M1	rs9379084
PHGDH	rs9379084
LINC02169	rs9379084
AOX3P-AOX2P	rs9379084
INVS	rs9379084
CA5A	rs9379084
EEF1E1	rs9379084
SMILR	rs9379084
SNORD140	rs9379084
ZDHHC6	rs9379084
TTC12	rs9379084
TUBG2	rs9379084
TGFA-IT1	rs9379084
POFUT2	rs9379084
ATAT1	rs418053
TAF1B	rs418053
LOC105371267	rs418053
TEX101	rs418053
LOC115308161	rs418053
SNORD111B	rs418053
MRPS36	rs418053
DINOL	rs418053
LOC102724265	rs2223621
MIR670	rs2223621
FAM174C	rs2223621
BAIAP2-DT	rs2223621
HP09053	rs2223621
PDK1	rs9350395
SPSB4	rs9350395
B4GALNT4	rs9350395
MIR6075	rs9350395
THRA1/BTR	rs9350395
SAP25	rs9350395
NR3C1	rs9350395
SUZ12P1	rs13214023
KIF18B	rs13214023
ALOX12B	rs13214023
DUSP5	rs13214023
SOWAHC	rs13214023
AP5B1	rs13214023
C6orf89	rs3129984
C4orf48	rs3129984
IFNA22P	rs3129984
MIR1199	rs3129984
HERPUD1	rs3129984
POM121L2	rs3129984
LINC01187	rs3129984
ONECUT3	rs3129984
PRC1	rs3129984
ALS2	rs3129984
SLC22A18	rs3129984
RCSD1	rs3129984
LINC02542	rs3129984
RAET1G	rs3129984
MRPS28	rs3129984
NXPH3	rs3129984
GTF2I	rs3129984
ADAMTS9-AS2	rs3129984
PAICS	rs3129984
KCNC1	rs3129984
RNF220	rs3129984
RBM5	rs3129984
LINC02762	rs3129984
FIBP	rs3129984
KRT16P1	rs3129984
LOC101927839	rs3129984
C1orf61	rs3129984
EWSR1	rs3129984
ZNF700	rs3129984
CIDEA	rs3129984
EVL	rs3129984
MYBPHL	rs3129984
LURAP1	rs3129984
MPV17L2	rs3129984
NFE2L3	rs3129984
DKFZP434H168	rs3129984
NKX2-1	rs3129984
WNT9B	rs3129984
RXFP2	rs3129984
PRSS46P	rs3129984
LRRC25	rs3129984
DOK4	rs3129984
MYCL	rs3129984
UFSP1	rs3129984
MIR4498	rs3129984
ISOC2	rs3129984
OR2F1	rs3129984
SPTBN2	rs3129984
MLNR	rs3129984
NUP50	rs3129984
FSD1L	rs3129984
ARL11	rs3129984
RNVU1-6	rs3129984
GID4	rs3129984
NREP	rs3129984
PKDCC	rs3129984
RETREG3	rs3129984
BCAS4	rs3129984
CHN2-AS1	rs3129984
SNORD114-24	rs3129984
EHBP1L1	rs3129984
MIR6876	rs3129984
ARHGDIA	rs3129984
VPS13B	rs3129984
C11orf86	rs3129984
PMF1-BGLAP	rs3129984
PKD2	rs3129984
ADNP	rs3129984
DLEU2	rs3129984
ASPN	rs3129984
PRRC2A	rs3129984
CACNG6	rs3129984
NME7	rs3129984
NDUFB2-AS1	rs3129984
MIR4512	rs3129984
ZNF433-AS1	rs3129984
DYRK3	rs3129984
RBX1	rs3829964
PTGER1	rs3829964
NKX2-1-AS1	rs3829964
ZNF844	rs3829964
TC2N	rs3829964
LINC01963	rs3829964
ETFA	rs3829964
LINC00895	rs3829964
LINC00869	rs3829964
MFSD14A	rs3829964
SMILR	rs3829964
STAU2-AS1	rs3829964
PWWP3A	rs3829964
VN1R10P	rs3829964
RUNDC3A-AS1	rs3829964
SCFD1	rs3829964
MGMT	rs3829964
LOC100505715	rs3829964
RNU6-7	rs3829964
LTBP3	rs3829964
BNIP5	rs3829964
CMTR2	rs3829964
DCAF16	rs3829964
DIS3	rs3829964
CD68	rs111342015
MIR4291	rs111342015
BARX2	rs111342015
LOC101927954	rs111342015
UQCC3	rs111342015
UBE2K	rs111342015
TFPT	rs111342015
MEX3A	rs111342015
RPL28	rs111342015
LOC101928008	rs111342015
ESS2	rs111342015
TDGF1	rs111342015
ALX4	rs111342015
TNFRSF10B	rs111342015
MAFG-DT	rs111342015
WDR25	rs111342015
CD276	rs111342015
ATAT1	rs111342015
BECN2	rs111342015
TOE1	rs111342015
YME1L1	rs111342015
RAD21	rs111342015
DMAP1	rs111342015
C10orf82	rs111342015
RNF17	rs111342015
NACC1	rs111342015
CAP2	rs111342015
RNF7	rs111342015
SPTY2D1OS	rs111342015
TBX10	rs111342015
IRF2BP1	rs111342015
RHOBTB2	rs111342015
OR2A5	rs111342015
DDR1	rs111342015
SLFNL1	rs111342015
TMEM45B	rs111342015
TTK	rs111342015
MIR187	rs111342015
NCLN	rs111342015
OR10G9	rs111342015
COQ5	rs111342015
HCN1	rs111342015
CSNK1E	rs111342015
CAMTA1	rs111342015
RBMS3	rs111342015
INHBB	rs111342015
DNASE1	rs111342015
AGBL4-AS1	rs111342015
ZNF713	rs111342015
EHBP1L1	rs111342015
CD46	rs111342015
BMS1P21	rs111342015
RASAL2-AS1	rs111342015
GSTP1	rs111342015
NAT8L	rs111342015
MIR4793	rs111342015
HCP5B	rs111342015
NTNG1	rs111342015
H3C4	rs12207986
SNAR-I	rs12207986
GABRP	rs12207986
IGSF22	rs12207986
BOLA1	rs12207986
GPAM	rs12207986
LOC102724532	rs12207986
ADAM17	rs1902066
ZNF691	rs1902066
IGFN1	rs1902066
SPEM3	rs6934651
MEI1	rs6934651
TRMT2A	rs6934651
LINC01014	rs6934651
MYRF	rs6934651
FENDRR	rs6934651
KLC3	rs74392007
TMEM26-AS1	rs74392007
ATP5MGL	rs76092474
CUEDC1	rs76092474
HNF4G	rs76092474
LOC102723604	rs76092474
NFKBIL1	rs76092474
PACSIN2	rs76092474
LINC00899	rs76092474
TET2-AS1	rs6569648
LINC00639	rs6569648
LOC102724562	rs6569648
SYVN1	rs6569648
H2AC14	rs6569648
ATP2B4	rs6569648
LRRC10B	rs9485372
AA06	rs9485372
MAPRE2	rs9485372
FBXL4	rs9485372
IAH1	rs9485372
CDH13	rs9485372
MRPL45P2	rs9485372
RNF157-AS1	rs9485372
CD300A	rs9485372
MIR324	rs9485372
LINC01150	rs9485372
DFFA	rs9485372
SUMO3	rs9485372
MIR548V	rs9485372
COLCA2	rs9485372
CYP1A2	rs9485372
MPI	rs9485372
LOC102723701	rs9485372
DAOA	rs9485372
TRIM26	rs9485372
RAC3	rs9485372
LINC02108	rs9485372
SNX31	rs2747652
FASN	rs2747652
AP4M1	rs2747652
TMEM167B	rs2747652
UBQLN4	rs2747652
MIR555	rs140842923
MEF2D	rs140842923
IRX3	rs140842923
ARHGAP5	rs140842923
CYB5R1	rs140842923
ZNF524	rs140842923
ZFHX3	rs72314471
OR2W1	rs72314471
FRMD6-AS1	rs72314471
EPB41L4A-AS1	rs72314471
ALG6	rs72314471
MIR1470	rs72314471
MIR4691	rs72314471
TBCC	rs72314471
NOG	rs72314471
RFNG	rs72314471
ITSN2	rs72314471
MIR6500	rs72314471
TMEM254-AS1	rs72314471
HIF1AN	rs72314471
MIR601	rs72314471
VEGFA	rs72314471
RNU5D-1	rs72314471
IL10	rs72314471
GRPEL2-AS1	rs72314471
INS-IGF2	rs72314471
ASTN1	rs72314471
LINC02410	rs72314471
KIAA1841	rs72314471
MTUS2-AS1	rs72314471
MIR93	rs6940159
NR2F6	rs6940159
NRIP1	rs6940159
ZNF3	rs6940159
SCMH1	rs6940159
TBCC	rs6940159
MIR10226	rs6940159
NFE2L3	rs6940159
ZNF225	rs6940159
RNASEH2B-AS1	rs6940159
MIR181D	rs6940159
MIR138-2	rs6940159
PCMT1	rs6940159
FOXN3	rs6940159
LOC101927124	rs6940159
SNORD114-19	rs6940159
H2BC6	rs6940159
INTS13	rs6940159
CEP83	rs6940159
GNAT2	rs6940159
HDHD2	rs6940159
YY1	rs6940159
APOBEC3A	rs6940159
NWD2	rs6940159
HOXB7	rs6940159
LINC00698	rs3819405
MPPED1	rs3819405
MIR6868	rs3819405
VAT1	rs3819405
HMGCS2	rs3819405
COL24A1	rs3819405
DIRC3	rs3819405
LOC728196	rs3819405
SRSF9	rs3819405
SNORD118	rs3819405
COMMD8	rs68006638
CCL24	rs68006638
SNORA77B	rs68006638
SPATA17-AS1	rs68006638
IP6K1	rs68006638
NGB	rs68006638
INSYN2B	rs68006638
CZ1P-ASNS	rs68006638
INPP5F	rs68006638
CLBA1	rs68006638
LOC105371899	rs68006638
SNORA77	rs68006638
CRLF3	rs13198474
PHIP	rs13198474
VDAC1	rs13198474
MESP1	rs13198474
PKP1	rs13198474
AKAP8L	rs13198474
PSG8	rs13198474
ANKRD20A11P	rs13195401
CDADC1	rs13195401
FBXO31	rs13195401
MIR3925	rs13195401
RAET1E-AS1	rs13195401
LINC00410	rs13195401
CDK3	rs13195401
ZNF44	rs13195401
NPTXR	rs13195401
MIR3618	rs13195401
ANP32E	rs34546498
PLEK	rs34546498
PTPRCAP	rs34546498
OCIAD1-AS1	rs34196306
SAMD12-AS1	rs34662244
PIK3CD-AS2	rs34662244
CSK	rs34662244
HOXB6	rs34662244
PKIB	rs34662244
ZNF165	rs34662244
MRPL23-AS1	rs34662244
FAM106A	rs34662244
CLDN25	rs34662244
LINC00207	rs34662244
MIR3129	rs34662244
SIX5	rs34119086
LSM4	rs34119086
PLA2G1B	rs9257408
TUT1	rs9257408
LINC01571	rs9257408
SYT13	rs9257408
TMEM98	rs9257408
PLEK2	rs9257408
CNFN	rs9257408
APOC3	rs9257408
SYT5	rs3130834
NRM	rs3130834
NPAS3	rs3130834
MIR6823	rs3094146
SYT7	rs3094146
MFSD14A	rs3094146
VDAC1	rs3094146
CBLN4	rs3094146
VGF	rs3094146
CYP46A1	rs3094054
TNKS2	rs3094054
ZNF385C	rs3094054
ADAM28	rs3094054
C11orf49	rs3094054
SNHG27	rs3132610
AHNAK2	rs3132610
OTOF	rs3132610
RPL9	rs3132610
ELP6	rs3132610
PIGH	rs3132610
LINC00634	rs3132610
NBPF13P	rs9262142
MIR1915HG	rs9262142
TEN1	rs9262142
EBLN1	rs9262142
PRSS43P	rs9262142
PLA2G6	rs9262142
DCLRE1B	rs9262142
UBE2QL1	rs9262142
MIR6769A	rs9262142
RFPL1S	rs72856431
FLYWCH2	rs72856431
LINC00622	rs72856431
CABP2	rs72856431
COMP	rs72856431
LINC01136	rs72856431
PDE6H	rs72856431
MIR380	rs72856431
CAP2	rs72856431
DNM1P35	rs72856431
MIR3120	rs72856431
GTF2H4	rs72856431
SYNE1	rs72856431
GAPT	rs72856431
EDIL3	rs72856431
PLXNC1	rs72856431
SNORD38B	rs924712
MIR485	rs924712
SOX10	rs924712
DELE1	rs924712
ARFGAP2	rs924712
AATK	rs924712
TLK2	rs924712
ARPIN	rs924712
CMC2	rs924712
MIR4526	rs924712
LINC00581	rs6912005
EEF1E1	rs6912005
LOC100287792	rs6912005
RELCH	rs377527229
KIR3DL1	rs377527229
TMEM225B	rs377527229
KAT5	rs377527229
ADCY9	rs377527229
MIR887	rs377527229
RAB1B	rs377527229
SRSF1	rs377527229
ITGB3BP	rs377527229
SLC25A1	rs377527229
ATRIP-TREX1	rs377527229
LOC105377623	rs377527229
BOLA1	rs377527229
LINC00845	rs377527229
TIMM13	rs35409891
IDH2-DT	rs60954078
PPP2CB	rs6904031
PRICKLE2-AS2	rs6904031
PPP1R15B	rs6904031
PRPF8	rs78796841
PSMD6	rs113289039
CCNC	rs113289039
C4orf36	rs113289039
BBIP1	rs113289039
NKX2-6	rs113289039
CIB3	rs113289039
AMN	rs113289039
MIR4527	rs113289039
IRF2BPL	rs113289039
VTI1B	rs113289039
SIX5	rs113289039
LOC105369140	rs113289039
SRRM5	rs113289039
UQCRH	rs113289039
UQCR10	rs113289039
MRPL43	rs204247
DGKE	rs204247
NRM	rs204247
BTG4	rs204247
SNRPG	rs17598658
TRIM39	rs17598658
DPH1	rs17598658
KATNAL2	rs17598658
RNASEH2C	rs17598658
WSPAR	rs17598658
AOC4P	rs17598658
CALML3-AS1	rs17598658
KCNG3	rs17598658
MIR487A	rs17598658
SNORD146	rs17598658
LOXHD1	rs17598658
C1D	rs17598658
ATG10	rs17598658
DLK1	rs17598658
RNF220	rs17598658
LYL1	rs17598658
LOC105379176	rs17598658
ARHGAP1	rs17598658
USP25	rs17598658
CRTC1	rs17598658
HPDL	rs17598658
SMIM38	rs17598658
CCDC173	rs17598658
GPR4	rs17598658
ZNF556	rs17598658
SUMO4	rs17598658
PPIC	rs17598658
CCDC124	rs17598658
HHIP-AS1	rs17598658
CLBA1	rs17598658
SPRYD7	rs71557345
CTHRC1	rs71557345
SNORD117	rs71557345
COL27A1	rs55834529
RAD54L	rs55834529
DGKZ	rs55834529
SKAP1	rs55834529
ZNF844	rs55834529
SMAD1-AS1	rs55834529
MST1P2	rs56114371
IQCH-AS1	rs56114371
TEX26-AS1	rs56114371
LOC105378183	rs56114371
MIR17	rs56114371
FAM114A1	rs113780580
LOC728024	rs45509595
C19orf53	rs45509595
LOC100130872	rs45509595
PODNL1	rs45509595
ATPAF2	rs45509595
GAL3ST4	rs45509595
GNGT1	rs45509595
RAPGEF5	rs45509595
FGD6	rs45509595
CNTNAP1	rs45509595
REP15	rs45509595
TMC4	rs45509595
HAS2	rs45509595
LINC01124	rs45509595
GNRH1	rs45509595
SLC35A3	rs45509595
LOC102724562	rs45509595
LOC101929705	rs45509595
PRM3	rs45509595
MIR497HG	rs138024639
WDR45B	rs138024639
KCNQ1DN	rs3129178
NDUFA6	rs3129178
IGF2	rs3129178
GP1BB	rs3129178
C8orf58	rs9257809
ITGA6	rs9257809
TRIM15	rs9257809
TBX18	rs9257809
SLC19A1	rs9257809
FAXDC2	rs9257809
SRP54-AS1	rs1233480
PTCD1	rs1233480
MUC15	rs1233480
PAQR6	rs1233480
MIR5700	rs1233480
PRR19	rs1233480
RAB11FIP4	rs3116813
GK5	rs3116813
USE1	rs3116813
FLT3	rs3116813
SPATA13-AS1	rs3116813
BTBD17	rs3116813
ASPG	rs3116813
IRX3	rs1611579
RNU1-1	rs1611579
PCBP3-AS1	rs1611579
ASAH2B	rs1611579
MPC1	rs1611579
PARD6B	rs2523992
INF2	rs2523992
MIR431	rs2523992
IL5	rs2523992
ARHGEF5	rs2523992
ARHGAP24	rs2523992
PARP4	rs2523992
SPSB4	rs3132615
LINC02569	rs3132615
PLPPR4	rs3132615
CEACAM1	rs9449003
MIR6736	rs28648619
ZNF284	rs28648619
SLC6A4	rs35522438
KCNS3	rs35522438
EMX2OS	rs7810893
AMIGO1	rs7810893
MEIS2	rs7810893
LOC100272217	rs7810893
TTLL1	rs7810893
EPB41L5	rs7810893
BRIP1	rs7971
LOC101927557	rs7971
VEGFA	rs7971
STYXL1	rs7971
UQCC3	rs7971
ZDHHC21	rs7971
RNF39	rs7971
CACNG8	rs7971
LINC00654	rs7971
MEX3A	rs7971
MIR548O	rs7971
LOC102725191	rs7971
MIR6765	rs7971
FAM227A	rs7971
TNFRSF10D	rs289997
LOC338694	rs289997
NOL4	rs289997
ZNF484	rs289997
LOC101927870	rs289997
SNORA12	rs289997
HAPLN1	rs289997
IL4	rs289997
ZNF365	rs289997
NMU	rs289997
POLR2G	rs289997
LAMC3	rs289997
LGALS9C	rs289997
NFE2L3	rs289997
AMIGO1	rs77702473
SMOC2	rs77702473
BTN2A2	rs77702473
MIR378H	rs77702473
EFCAB5	rs77702473
ATP6V0A1	rs77702473
LINC01739	rs77702473
MICALL1	rs77702473
UTS2	rs77702473
LOC100507551	rs77702473
KRTAP5-6	rs77702473
SCGB1A1	rs12718945
SYNPR-AS1	rs12718945
SNORD43	rs12718945
HRAT5	rs12718945
MOV10	rs12718945
HPCAL1	rs12718945
FAM53A	rs12718945
PICK1	rs12718945
POLR3D	rs12718945
BISPR	rs12718945
CISD2	rs12718945
FAM126B	rs12718945
ANKRD54	rs12718945
DIO3	rs12718945
GDAP1	rs12718945
SNHG1	rs12718945
AIRE	rs12718945
UBR2	rs12718945
LRATD2	rs2271032
LOC105376194	rs2271032
BZW1-AS1	rs74910854
COL18A1	rs74910854
CES5A	rs74910854
SSR4P1	rs74910854
HEATR3	rs74910854
HFM1	rs74910854
RNF157	rs74910854
ATP1B2	rs74910854
MC3R	rs74910854
IFT22	rs74910854
SNORD114-15	rs74910854
YJEFN3	rs74910854
PTPN2	rs74910854
LOC101928551	rs74910854
OTUD4	rs1989796
SETD9	rs1989796
MIR6870	rs1989796
LINC02266	rs1989796
SIN3B	rs1989796
FAM107B	rs1989796
CYB5R4	rs1989796
GSTM4	rs1989796
LAP3	rs1989796
RNH1	rs1989796
HIC1	rs1989796
THEGL	rs1989796
ATP6V1D	rs1989796
SPATS2L	rs1989796
LIF	rs10269006
PPIH	rs10269006
TAF5	rs10269006
NLRP6	rs10269006
MIF4GD	rs10269006
SLC6A3	rs10269006
IL5	rs10269006
PPP1R3G	rs847577
BRIP1	rs847577
CTXND2	rs847577
MPI	rs847577
PCM1	rs847577
FRYL	rs847577
RSPH9	rs847577
PRM2	rs847577
CYB5R4	rs847577
STRIP1	rs847577
MIR5681B	rs847577
CASTOR2	rs847577
AMDHD1	rs79518236
ZNF397	rs79518236
MTUS1	rs79518236
U2AF2	rs79518236
STAG3	rs79518236
PLXNA4	rs79518236
NRIP3	rs79518236
NUP50	rs79518236
MIR4301	rs79518236
KATNAL2	rs79518236
LUNAR1	rs79518236
C9orf43	rs79518236
MTSS2	rs79518236
SMAD6	rs79518236
LOC107986876	rs79518236
MIR3181	rs79518236
TNFRSF13B	rs79518236
DCAF5	rs79518236
KRT17P5	rs79518236
ARHGAP24	rs79518236
MIR4644	rs79518236
FGD6	rs79518236
EFR3B	rs79518236
WDFY3-AS2	rs79518236
RIPK4	rs79518236
ANXA4	rs79518236
MIR4690	rs79518236
PDIA3P1	rs79518236
SNORD114-1	rs79518236
PAX9	rs117911427
GFPT1	rs117911427
IFNA22P	rs117911427
C17orf100	rs117911427
PMFBP1	rs117911427
TEX48	rs117911427
LILRP2	rs117911427
MXD1	rs117911427
EGR3	rs117911427
LTA	rs117911427
HSD17B12	rs117911427
ANO1	rs117911427
ADGRE3	rs117911427
TBX18-AS1	rs117911427
JAG1	rs117911427
BTBD2	rs117911427
BCL3	rs117911427
RAB19	rs117911427
ADORA1	rs117911427
DLG5	rs117911427
TOMM7	rs117911427
FN3K	rs117911427
CYP4F22	rs117911427
PTPN9	rs117911427
LOC646030	rs117911427
CALM1	rs117911427
MIR5009	rs117911427
CCDC134	rs117911427
CPT1A	rs117911427
SLC5A5	rs117911427
SNORD146	rs117911427
FN1	rs117911427
ST13P4	rs117911427
LINC00566	rs117911427
OR10C1	rs117911427
RXFP4	rs117911427
GEN1	rs117911427
MIR4724	rs117911427
ZNF75A	rs117911427
H3C6	rs117911427
MIR6720	rs117911427
NKX2-8	rs117911427
LINC01140	rs117911427
LINC01489	rs117911427
H2AC15	rs117911427
PER1	rs117911427
PSMA6	rs117911427
COG4	rs117911427
ENO1	rs117911427
RFXANK	rs117911427
TIMM8B	rs117911427
MIR8085	rs117911427
LOC105378146	rs117911427
CEP72	rs117911427
LINC02210	rs117911427
FAM114A1	rs117911427
ZBTB10	rs117911427
WDR75	rs117911427
GNB1L	rs117911427
LINC02544	rs117911427
RASA4	rs117911427
TPST2	rs117911427
LOC105378979	rs117911427
RAET1E	rs117911427
MIR34B	rs117911427
SHOX2	rs117911427
MEX3A	rs117911427
APOBEC3C	rs117911427
ZNF20	rs117911427
KCNJ2	rs117911427
LY86-AS1	rs117911427
MIR4743	rs117911427
MINAR2	rs117911427
TBXAS1	rs117911427
TMEM254-AS1	rs117911427
MSRB2	rs117911427
MT1B	rs117911427
CD3EAP	rs117911427
FGD2	rs117911427
INSM1	rs117911427
C1QL2	rs117911427
CERS3	rs117911427
TMEM190	rs117911427
LOC729681	rs117911427
RNVU1-17	rs71559437
TEKT5	rs71559437
SLC50A1	rs71559437
LINC00334	rs71559437
SAR1B	rs71559437
CZ1P-ASNS	rs71559437
TRMT1	rs57237364
CLDN1	rs57237364
MIR3152	rs57237364
ZNF589	rs57237364
CALML3	rs6946892
RAB11A	rs6946892
MIR4323	rs4593472
DGCR11	rs4593472
SNORA58B	rs4593472
EIF3L	rs4593472
MIR210HG	rs4593472
SYNE1-AS1	rs4593472
CRTC3-AS1	rs4593472
LMOD1	rs4593472
IRF2BPL	rs4593472
CDKN2B	rs4593472
FIBIN	rs4593472
BOLA1	rs4593472
GORASP2	rs4593472
EFTUD2	rs4593472
PODXL	rs68056147
MIR187	rs68056147
CLSTN1	rs68056147
OTOP2	rs68056147
H2BC18	rs68056147
PA2G4P4	rs68056147
H2BC7	rs11977670
NUDT9	rs11977670
FAM230F	rs11977670
MXD4	rs11977670
MCM8	rs11977670
MIR6868	rs11977670
MIR1260A	rs11977670
GIP	rs11977670
AASDH	rs11977670
MIR34C	rs11977670
TSPEAR	rs11977670
LINC01441	rs11977670
AKR1C1	rs11977670
LINC00899	rs11977670
UBAP2L	rs11977670
ITIH5	rs17156577
KRTAP5-AS1	rs17156577
INPP5K	rs17156577
SAMSN1-AS1	rs17156577
LINC02571	rs17156577
BTAF1	rs17156577
MIR655	rs377629160
TBX3	rs377629160
APOC2	rs377629160
SSTR1	rs377629160
AMN	rs377629160
SREBF2-AS1	rs377629160
TRIM13	rs377629160
MIR548AI	rs377629160
PRICKLE2-AS1	rs377629160
ZCCHC24	rs377629160
LINC00207	rs377629160
ZNF192P1	rs377629160
MIR4720	rs377629160
PDIA6	rs377629160
LINC01855	rs377629160
IRX5	rs377629160
ZPR1	rs377629160
XPO5	rs377629160
IFNA17	rs377629160
DGKE	rs377629160
SOX13	rs377629160
VAV3-AS1	rs377629160
MIR6769A	rs377629160
MMP2-AS1	rs6964587
PSG10P	rs6964587
LINC00622	rs6964587
BTG4	rs6964587
LOC101929705	rs6964587
LOC102724532	rs6964587
ALKBH3	rs6964587
LOC257396	rs10644111
TNFSF13	rs10644111
SLC5A12	rs10644111
TSSC4	rs35417517
FXYD2	rs35417517
TMEM138	rs35417517
CIDEA	rs369328859
EFCAB5	rs369328859
LOC149684	rs369328859
ARHGEF28	rs369328859
GMIP	rs369328859
BRMS1L	rs369328859
HCG21	rs369328859
SNORD117	rs369328859
TMEM104	rs17268829
CLDN19	rs17268829
GRIN3A	rs17268829
LOC285847	rs17268829
DSCC1	rs17268829
KRTAP10-5	rs17268829
SUZ12	rs17268829
SAMM50	rs17268829
CCL17	rs17268829
GCGR	rs17268829
CBS	rs17268829
MAPK10	rs411624
ZSCAN26	rs411624
LOC100128993	rs411624
C22orf46	rs411624
SF3B4	rs411624
FMO5	rs411624
MIR2117	rs411624
FAM238B	rs411624
COX6A1	rs411624
NXPE4	rs411624
SYDE1	rs411624
MIR1249	rs411624
TBC1D23	rs411624
RASD1	rs411624
CHML	rs411624
NBR1	rs411624
MIR3686	rs411624
GLIS2-AS1	rs369574511
MOK	rs369574511
GMIP	rs369574511
CCDC125	rs369574511
TNPO2	rs369574511
GLYR1	rs7458786
TPCN2	rs7458786
CDC25A	rs7458786
GPX5	rs7458786
GEMIN7	rs56196003
MIR99A	rs56196003
PTGES3L	rs62485509
SASH1	rs62485509
IBSP	rs62485509
ATXN3	rs62485509
SYT6	rs62485509
PGLYRP1	rs62485509
LRRN4CL	rs62485509
PEX11A	rs62485509
MIR12117	rs62485509
TAFA3	rs62485509
MIR107	rs62485509
LOC105377879	rs62485509
MYEOV	rs62485509
CCDC117	rs62485509
MMACHC	rs62485509
ATP6V0A1	rs62485509
UQCRC1	rs62485509
PKN1	rs62485509
SNORD143	rs62485509
MT1A	rs62485509
MIR30C1	rs62485509
ORC5	rs62485509
LSM7	rs62485509
OR10G7	rs62485509
PWP2	rs62485509
RTN4R	rs62485509
BAAT	rs13230714
FLJ30679	rs13256025
LOC102724064	rs13256025
TUG1	rs13256025
CCAT2	rs13256025
PGD	rs13256025
LINC00111	rs13256025
MT1X	rs13256025
HOMER3-AS1	rs13256025
TIMM8B	rs13256025
DCAF17	rs13256025
CNTNAP1	rs13256025
MAPK14	rs13256025
ARPC5L	rs13256025
LINC00709	rs13256025
MXD1	rs35748790
COA3	rs35748790
TTC1	rs35748790
DIS3	rs35748790
NDUFB1	rs35748790
LAMC3	rs35748790
HLA-E	rs35748790
WDR25	rs35748790
MIR1247	rs66823261
MIR548F5	rs66823261
DISP3	rs66823261
SNORD13J	rs66823261
C11orf68	rs66823261
JADE2	rs66823261
MKKS	rs66823261
TMEM246-AS1	rs66823261
UVSSA	rs66823261
BRD7	rs66823261
COG4	rs11779988
PML	rs11779988
MIR3152	rs11779988
MT1M	rs11779988
CDC42EP2	rs11779988
LOC102723373	rs11779988
PPM1K-DT	rs11779988
MIR4646	rs11779988
DCAF5	rs11779988
NOTCH2NLA	rs11779988
LOC105375504	rs11779988
VPS4B	rs11779988
LOC102546229	rs11779988
NACA4P	rs11779988
MIR653	rs11779988
SNORD132	rs11779988
VCAN-AS1	rs6558174
MIR4790	rs6558174
S1PR4	rs6558174
MIR3910-1	rs6558174
ZNF596	rs6558174
PSMA6	rs6558174
H2BC1	rs6558174
THRA1/BTR	rs6558174
MFSD2A	rs6558174
KIF21B	rs6558174
RAC2	rs6558174
RPS14	rs6558174
HMGCR	rs6558174
NDUFB2	rs6558174
STYXL1	rs6558174
MIR1183	rs6558174
HLA-E	rs6558174
MIR320A	rs6558174
MIR5591	rs6558174
LOC100287792	rs6558174
SNORD3B-2	rs6558174
TTC28-AS1	rs6558174
NME9	rs6558174
F13A1	rs6558174
KLHL12	rs6558174
RRAS2	rs6558174
XPNPEP3	rs6558174
SLX4	rs6558174
TSPAN1	rs6558174
C2CD6	rs6558174
ATXN1	rs6558174
CNGA1	rs6558174
TDRD10	rs6558174
HLA-V	rs6558174
LY75-CD302	rs6558174
ARHGEF28	rs6558174
STAG3L5P	rs6558174
RAP1GAP2	rs6558174
MGP	rs6558174
LGR4-AS1	rs7834448
MCM8	rs7834448
DCST2	rs7834448
DHX8	rs7834448
SCAMP2	rs7834448
MRPS28	rs7834448
POU3F2	rs7834448
PSMG2	rs7834448
SNORD114-8	rs7834448
DCAF16	rs7834448
SNORD46	rs7834448
TRPM2-AS	rs113687142
LINC00640	rs113687142
TMEM150C	rs113687142
CALR3	rs113167076
POLD4	rs113167076
SNORD26	rs113167076
KLHL8	rs113167076
SGSM3	rs113167076
TNNI2	rs113167076
PHYHIP	rs113167076
PIAS2	rs113167076
ZNF788P	rs113167076
LINC01014	rs113167076
ZNRF3	rs113167076
PPP1R12B	rs113167076
LINC01162	rs113167076
KATNAL2	rs113167076
SLC39A13	rs113167076
PDS5B	rs113167076
AKAP1	rs113167076
MIR1178	rs113167076
TARM1	rs79108280
LOC613206	rs79108280
TSPAN18	rs79108280
GEN1	rs79108280
MIR4534	rs6472903
LDB2	rs6472903
USP38	rs6472903
LINC00638	rs6472903
RNF8	rs6472903
LOC388813	rs6472903
TECTB	rs6472903
ADAMTS19-AS1	rs6472903
GUCY2C	rs16907718
DGCR5	rs16907718
SP4	rs16907718
MIR1249	rs16907718
ITPR1	rs16907718
CACNG7	rs16907718
HYDIN	rs16907718
LINC01656	rs113410521
LINC00428	rs113410521
AP1S1	rs113410521
GPX6	rs113410521
TMEM9	rs12546444
CCDC51	rs12546444
TNFRSF13B	rs12546444
AMN	rs12546444
IYD	rs12546444
LRFN4	rs12546444
LINC01843	rs12546444
MIR1203	rs12546444
HUS1B	rs12546444
OLFML3	rs12546444
TGFBR3	rs1519814
GALNT7	rs1519814
MRPL38	rs1519814
MPST	rs1519814
EXOC3	rs1519814
SPATA17-AS1	rs1519814
LINC00622	rs1519814
USP45	rs1519814
ZNF506	rs1519814
CSPG5	rs1519814
TSPAN4	rs1519814
MIR3188	rs1519814
SRL	rs1519814
SNX11	rs7017073
PNPLA3	rs7017073
LINC01311	rs7017073
KLF1	rs7017073
NBPF1	rs7017073
SNORA68	rs7017073
MIR30C1	rs7017073
CPLANE2	rs7017073
KIF3C	rs7017073
SNORD114-6	rs7017073
MUC21	rs7017073
ANAPC11	rs7017073
TMPRSS6	rs7017073
BHLHE40	rs7017073
KLHL26	rs7017073
ZBTB44-DT	rs73348588
MIR337	rs73348588
ANO9	rs73348588
H4C1	rs73348588
LY6G6E	rs73348588
LINC01162	rs73348588
LOC101927189	rs73348588
SLC39A13	rs73348588
PCBP1-AS1	rs73348588
TTI1	rs73348588
OR1I1	rs7017697
RPLP0	rs7017697
SNORD114-16	rs7017697
SNF8	rs7017697
KLHDC3	rs7017697
MIR581	rs7017697
SMIM18	rs7017697
FAM50B	rs7017697
SNRPF	rs7017697
HAX1	rs7017697
ALKBH3	rs7017697
AHNAK2	rs142890050
LOC105369921	rs142890050
ATRIP	rs142890050
SLC17A4	rs142890050
RRP7A	rs142890050
PPP1R27	rs142890050
KRTAP10-4	rs142890050
GPR65	rs142890050
SLC27A2	rs310291
NDUFS7	rs310291
DRG2	rs310291
ZMAT5	rs310291
TMEM177	rs310291
PPP1R13B	rs310291
ZNF205-AS1	rs9693444
LOC101927272	rs9693444
LINC02210	rs9693444
UMODL1	rs9693444
DMPK	rs9693444
CPN1	rs9693444
LOC642366	rs9693444
H2AC13	rs9693444
ALOX12	rs9693444
NFRKB	rs9693444
UTP23	rs9693444
SMAD1-AS1	rs9693444
PIP5K1P1	rs72658071
SYVN1	rs2943559
LINC02520	rs7844233
C1orf43	rs12682248
KRTAP5-AS1	rs12682248
ABHD8	rs12682248
TLCD2	rs6473252
MIR338	rs6473252
CD101	rs6473252
NOTCH3	rs6473252
SAMD9L	rs6473252
RPL7L1	rs6473252
BHLHE40-AS1	rs514192
SNORA20	rs514192
MIR6515	rs514192
C1D	rs514192
SLC17A4	rs514192
PIK3CD-AS2	rs514192
REL	rs514192
LINC02070	rs514192
FAM87A	rs514192
CYB5D1	rs514192
MIR487B	rs514192
LOC105379331	rs514192
SCGB2A1	rs514192
POU2AF1	rs514192
SRD5A3	rs514192
SETMAR	rs514192
MIR4695	rs13267382
RRAS2	rs16889471
FAM184B	rs10103490
MYO3B	rs10103490
HSP90AA1	rs10103490
ZAR1L	rs10103490
LOC101927692	rs10103490
LINC00466	rs10103490
MIR5688	rs10103490
LPAR2	rs10103490
MIR4791	rs10103490
MAP11	rs10103490
GFAP	rs58847541
HHIP-AS1	rs58847541
PLD4	rs58847541
PLPP4	rs970821
ORAI2	rs970821
TTYH2	rs970821
RNF14	rs970821
ODR4	rs970821
SNORD128	rs970821
SNORD3B-2	rs970821
SLC22A10	rs970821
CORO1B	rs970821
CCDC163	rs970821
SCUBE1	rs970821
CNP	rs970821
MASTL	rs970821
MIR4639	rs970821
FGF11	rs970821
NAV2-AS5	rs970821
LOC102724532	rs970821
BORCS7	rs13281615
PDE6A	rs13281615
SRP72	rs13281615
GEMIN7-AS1	rs13281615
PSMG2	rs2926585
PLBD1-AS1	rs2926585
AKR1C8P	rs200255906
ASH1L-AS1	rs7833090
PRKAR2A	rs11780156
TAGLN	rs11780156
FOXA1	rs11780156
ECI2	rs76007978
CCDC87	rs76007978
TUBAL3	rs803903
PPAT	rs803903
LINC02667	rs803903
SNTG1	rs803903
BAAT	rs803903
FAM83G	rs803903
MIR656	rs803903
CEND1	rs803903
STMN2	rs803903
MTUS2-AS1	rs803903
UBALD1	rs803903
CIART	rs803903
MIR3975	rs803903
CD300A	rs803903
VASP	rs803903
LINC01169	rs10760444
SENP3	rs10760444
DIO3OS	rs10760444
LZTS1-AS1	rs10760444
SLC9A3-AS1	rs10760444
TBC1D1	rs10760444
LURAP1	rs10760444
CTNNBL1	rs10760444
RNU12	rs10760444
SDC4P	rs10760444
LINC00570	rs10760444
LINC02314	rs10760444
PRELID3A	rs10760444
LINC01970	rs10760444
LOC105375401	rs10760444
PRAC2	rs10760444
PKIB	rs10760444
HYDIN	rs10760444
TYW5	rs10760444
MIR29C	rs10760444
DSN1	rs10760444
MRGPRD	rs10760444
LINC02102	rs10760444
GJC3	rs10760444
SPDYC	rs10760444
DRD4	rs10760444
GTF2E2	rs10760444
POU5F1	rs10760444
ATP1A1-AS1	rs77457752
OSBPL5	rs77457752
HARBI1	rs77457752
ANXA2P3	rs77457752
SNF8	rs77457752
SNORA84	rs77457752
CATSPER1	rs77457752
SRL	rs77457752
FAAH	rs67500807
EXT1	rs67500807
RETREG3	rs67500807
PXN-AS1	rs67500807
FBXO46	rs67500807
TTYH1	rs67500807
MARCHF11	rs67500807
SPACA3	rs67500807
AKR1A1	rs67500807
PLD5	rs67500807
LANCL2	rs67500807
PPP1R13B	rs67500807
MIR6855	rs67500807
CCDC50	rs3057314
ROR2	rs3057314
ELP5	rs3057314
MIR1915HG	rs3057314
YME1L1	rs3057314
SUCO	rs3057314
TAL2	rs3057314
LINC01441	rs3057314
C7orf61	rs3057314
ZNF827	rs3057314
DMAP1	rs3057314
NKX2-3	rs3057314
GNG2	rs3057314
SNORD16	rs3057314
NBPF1	rs3057314
ARMC4	rs3057314
IER3IP1	rs3057314
HCG4B	rs3057314
HYDIN	rs3057314
CCDC33	rs3057314
DTWD1	rs3057314
SNUPN	rs3057314
SNORD114-28	rs3057314
CARS1	rs3057314
PADI1	rs3057314
SMG9	rs3057314
DLEU2	rs10811650
TMEM238	rs10811650
LOC105370622	rs10811650
OCM2	rs1133071
MTRR	rs1133071
RLN2	rs1133071
MIRLET7B	rs1133071
SNORA77	rs1133071
ADGRG7	rs1133071
FAM227B	rs1133071
SCRN2	rs1133071
UQCRH	rs1133071
LOC401312	rs1133071
AKT1	rs1133071
TMEM88	rs1133071
BPI	rs1133071
CRIP3	rs1133071
TIPIN	rs1133071
DDX49	rs1133071
IL27RA	rs1133071
TIA1	rs1133071
CEACAM16	rs1133071
RALB	rs77674461
ADGRE3	rs77674461
OPTN	rs77674461
CCDC36	rs77674461
ARMC10	rs77674461
SMIM38	rs77674461
CENPO	rs77674461
PICK1	rs77674461
LINC01841	rs77674461
LY6G5C	rs77674461
LATS1	rs77674461
LINC02616	rs2405064
PEX13	rs2405064
SLIRP	rs2405064
ADAMTS15	rs2405064
OR10G8	rs2405064
KPNA7	rs2405064
N4BP2L2	rs2405064
KCNN3	rs2405064
MIR4258	rs2405064
HPCAL4	rs2405064
LINC00327	rs2405064
MIR4436B1	rs2405064
LOC100287329	rs2405064
OR12D1	rs2405064
GPHN	rs2405064
ZSCAN10	rs2405064
SNORD111	rs2405064
SLC3A2	rs2405064
MIR3184	rs2405064
LOC100996664	rs4742903
HIF1AN	rs4742903
LINC01661	rs4742903
OPTN	rs4742903
PPP1R13L	rs3124765
SNORD1B	rs3124765
ZNF506	rs3124765
SNORD97	rs3124765
IFITM10	rs3124765
TRIL	rs3124765
MIR3619	rs3124765
PRICKLE2-AS1	rs3124765
RAB11FIP1	rs3124765
ATP1B2	rs3124765
STAU2-AS1	rs3124765
SEC16B	rs3124765
AP2A2	rs3124765
FAM171B	rs3124765
MAP3K14	rs3124765
ANKRD26	rs3124765
YWHAZ	rs3124765
LOC101928505	rs3124765
SARS1	rs3124765
ABHD8	rs3124765
PLAUR	rs3124765
MIR410	rs3124765
CALCOCO2	rs3124765
SASS6	rs3124765
IER2	rs3124765
H2BC12	rs3124765
COL3A1	rs3124765
SSC5D	rs3124765
COPG2	rs3124765
LINC02181	rs3124765
GALK2	rs3124765
CLSTN1	rs3124765
DANCR	rs3124765
ETAA1	rs3124765
MIR151B	rs3124765
TSPEAR-AS2	rs10975370
PADI1	rs10975370
EEF1E1-BLOC1S5	rs10975370
COL27A1	rs10975370
CCL28	rs10975370
CASP8	rs10975370
MIR3977	rs10975370
PITPNA	rs10975370
SDAD1P1	rs10975370
SCARNA18	rs10975370
HLA-J	rs10975370
PCYOX1L	rs10975370
MIR6088	rs10975370
CCDC85C	rs10975370
ATRIP-TREX1	rs10975370
FAM50B	rs10975370
RPS6KA5	rs10975370
LY86-AS1	rs112332509
TMEM9	rs112332509
SNORD3G	rs112332509
VSTM2A-OT1	rs7862618
ZNF263	rs7862618
SMC3	rs7862618
CTD-3080P12.3	rs7862618
MIR4647	rs7862618
TMEM53	rs7862618
NBPF10	rs7862618
LINC00954	rs7862618
COL9A2	rs7862618
SNORD114-20	rs7862618
BPI	rs7862618
ANXA2P3	rs7862618
PRSS46P	rs7862618
SOX15	rs7862618
KAT2A	rs7862618
UBA7	rs7862618
LINC02868	rs7862618
TAT	rs7862618
SUMO4	rs7862618
ITIH5	rs718857
SCPEP1	rs718857
MIR3613	rs718857
CCR1	rs718857
TLE7	rs718857
RASAL2	rs718857
ARGFXP2	rs11290052
ASPRV1	rs11290052
CDIP1	rs11290052
LENG8-AS1	rs11290052
C1QTNF6	rs11290052
UBASH3B	rs11290052
GOLGA6C	rs10759243
PGM1	rs676256
MIR1265	rs7847854
DCAF13P3	rs7847854
LILRA6	rs7847854
KRT8P41	rs7847854
POLR2B	rs7847854
ARHGEF15	rs1895062
TLDC2	rs1895062
LOC254896	rs1895062
PTTG1	rs1895062
HEXIM1	rs1895062
CCDC88C	rs1895062
AFG3L2	rs1895062
CTBP1	rs1895062
ASRGL1	rs1895062
IRF7	rs1895062
MUC1	rs1895062
NUP50-DT	rs1895062
SPDYE5	rs1895062
AHSA2P	rs1895062
ZNF440	rs1895062
H4C1	rs1895062
NFXL1	rs1895062
GCGR	rs1895062
CDK5RAP3	rs1895062
GBAP1	rs60037937
LINC01628	rs60037937
CD46	rs60037937
EPHB4	rs60037937
LOC102723373	rs60037937
MYLIP	rs60037937
ATXN7L3	rs60037937
PIM1	rs60037937
GPR25	rs60037937
GUCA2A	rs60037937
ZNF233	rs60037937
KLHL29	rs60037937
MIR6736	rs60037937
ARL3	rs60037937
CAMK1D	rs145455135
CTBP1	rs145455135
BMP10	rs145455135
SNX20	rs1293906
UBR4	rs72807246
PPM1K-DT	rs72807246
ADGRG5	rs72807246
CTD-2350J17.1	rs72807246
OR13C3	rs72807246
ZNF684	rs72807246
HSPB8	rs72807246
ZSCAN25	rs72807246
WDR11-AS1	rs72807246
TVP23B	rs72807246
FASLG	rs72807246
SNORA19	rs2901157
MAP3K1	rs2901157
LOC729603	rs2901157
TWNK	rs2901157
DOCK2	rs2901157
CAGE1	rs2901157
NBEAL2	rs2901157
LCTL	rs2901157
MIR4635	rs2901157
LINC02075	rs2901157
TFPI2	rs2901157
CTBP1-AS	rs2901157
GID4	rs2901157
INSYN1-AS1	rs2901157
CUEDC2	rs2901157
NRIP3	rs55910451
LINC00578	rs55910451
MEG8	rs55910451
LOC101928551	rs55910451
SLC5A5	rs55910451
ZBTB16	rs55910451
FAM86C2P	rs55910451
ISL1	rs55910451
AQP3	rs55910451
ELP6	rs55910451
CLEC14A	rs55910451
MFSD10	rs55910451
ZFP36L1	rs55910451
DKFZP434H168	rs55910451
FGF7	rs55910451
LINC00954	rs55910451
CELSR2	rs55910451
POLR2B	rs55910451
MX1	rs55910451
C1D	rs55910451
MIR12131	rs55910451
IFT43	rs55910451
LOC101927911	rs55910451
RNF152	rs55910451
EMP1	rs55910451
CPLANE2	rs55910451
MIR8053	rs55910451
BLM	rs55910451
ARHGEF28	rs55910451
ADM	rs55910451
RPL29P2	rs55910451
TRIM38	rs10906522
WSPAR	rs10906522
MFSD13A	rs10906522
PRM1	rs10906522
CHID1	rs10906522
NAGA	rs10906522
CYP51A1	rs10906522
ARHGDIA	rs10906522
SMURF2P1-LRRC37BP1	rs10906522
WIZ	rs10906522
NCLN	rs10906522
BTN3A1	rs10906522
LOC105373044	rs10906522
ITGA6-AS1	rs10906522
ZNF443	rs10906522
HNRNPD	rs11814448
LINC02106	rs11814448
H2AC21	rs7918232
LOC101929413	rs7918232
PRICKLE2-AS1	rs7918232
NMNAT1	rs7918232
LOC100130992	rs7918232
LOC107984341	rs7918232
COL3A1	rs7918232
C17orf75	rs7918232
EXOC2	rs1937680
PTPRH	rs1937680
PIWIL2	rs1937680
ST6GALNAC1	rs1937680
H2AC11	rs1937680
SRP72	rs1937680
FLAD1	rs1937680
ATP1B1	rs1937680
DEXI	rs1937680
FOXF1	rs1937680
FGFBP3	rs1937680
STAU2-AS1	rs1937680
FOXA3	rs1937680
NR1H3	rs1937680
TGFA-IT1	rs1937680
RSPH6A	rs1937680
EP300-AS1	rs1937680
LOC401176	rs35419901
AKR1C3	rs34044188
PDSS1	rs34044188
SORBS3	rs34044188
RBM7	rs34044188
SMIM27	rs34044188
DEXI	rs186036693
LINC00460	rs704010
ETV3	rs704010
MTRNR2L4	rs704010
CD300A	rs1268974
PLA2G6	rs1268974
LIPI	rs1268974
MIR8053	rs1268974
LIPE	rs1268974
SPTY2D1	rs1268974
PLEKHM1	rs1268974
DDR1	rs1268974
WBP2NL	rs140936696
TBX18-AS1	rs140936696
ZNF285	rs140936696
C1orf61	rs140936696
TAF1L	rs140936696
RXFP2	rs140936696
LINC01739	rs140936696
PRM2	rs140936696
MIR548H4	rs140936696
MIR3910-2	rs140936696
CLSTN1	rs140936696
ZSCAN16	rs140936696
ASGR2	rs140936696
NF2	rs140936696
PIDD1	rs10883710
LINC02266	rs10883710
RALGAPA1	rs10883710
HTR3B	rs10883710
SPIRE1	rs10883710
MIR5090	rs10883710
MIR3160-1	rs10883710
ACTN1-AS1	rs10883710
LOC100506023	rs10883710
KCNRG	rs10883710
MTERF1	rs10883710
TSPAN10	rs10883710
CREB3L1	rs10883710
SNAI2	rs10883710
MYEOV	rs10883710
DLG4	rs10883710
SLC25A21	rs10883710
CLEC10A	rs10883710
BSN-DT	rs10883710
CARD19	rs10883710
PRICKLE2	rs10883710
CDKN1A	rs10883710
DNAJC15	rs10883710
RALGAPA2	rs10883710
MDM4	rs10883710
GTDC1	rs10883710
SSBP2	rs10883710
RBM11	rs10883710
GEMIN2	rs10883710
WDR11-AS1	rs10883710
OR13C4	rs10883710
ALS2CL	rs10883710
MIR5700	rs10883710
DCAF6	rs10883710
ELOC	rs10883710
MRPS30-DT	rs10883710
SNUPN	rs10883710
FXYD2	rs10883710
LINC02076	rs10883710
C1QTNF9B	rs10883710
MROH8	rs10883710
FAAH	rs1855581
ABHD16A	rs1855581
PKP1	rs1855581
PDZD8	rs1855581
LZTS1-AS1	rs1855581
SF3B6	rs1855581
BTG4	rs1855581
TMEM242	rs1855581
VPS4B	rs1855581
LINC02875	rs1855581
LINC02535	rs1855581
LINC02709	rs1855581
TSC22D4	rs1855581
ADAM17	rs1855581
FOXN3-AS1	rs1855581
ZNF579	rs1855581
LOC101928807	rs1855581
MIR12121	rs1855581
ANAPC10	rs1855581
GZMK	rs1855581
IDE	rs1855581
FADS6	rs1855581
LINC00654	rs1855581
ZPR1	rs1855581
SHISA4	rs1855581
BCL2L11	rs1855581
HSPH1	rs1855581
LIPE	rs1855581
LINC02609	rs1855581
LOC101927189	rs1855581
SPDYE15P	rs1855581
PIBF1	rs1855581
LINC01335	rs1855581
SV2B	rs1855581
MIR1289-2	rs1855581
PPY	rs1855581
LOC105373878	rs1855581
LOC101927839	rs1855581
COIL	rs1855581
BICDL2	rs1855581
KRT8P41	rs1855581
RAC3	rs1855581
LOC100506639	rs1855581
RAB3A	rs369832192
MMP25	rs369832192
LOC101927157	rs369832192
SNORA105A	rs369832192
SLC22A8	rs369832192
CHMP6	rs369832192
IFITM10	rs369832192
TMBIM7P	rs369832192
RTBDN	rs369832192
MIR11399	rs369832192
CLDN16	rs74433033
BAZ1A	rs74433033
KRTAP10-3	rs74433033
REST	rs74433033
SNORD67	rs74433033
CTSF	rs74433033
RAD50	rs74433033
BASP1P1	rs74433033
SPATS2L	rs74433033
STEAP3	rs68140948
NLRC5	rs68140948
DSEL	rs68140948
MIR1199	rs116478824
NFX1	rs116478824
MIR29B1	rs116478824
PRICKLE2-AS2	rs56333866
SLC22A3	rs56333866
APOBEC3C	rs56333866
ITPK1-AS1	rs56333866
FAM133B	rs56333866
WRAP53	rs370356098
CRABP2	rs370356098
C22orf23	rs370356098
THSD7A	rs370356098
RDH13	rs370356098
PDZD8	rs370356098
TMEM79	rs370356098
CALCB	rs370356098
COG4	rs71386921
PKD2L1	rs71386921
LINC02616	rs71386921
TNNI2	rs71386921
MIR1255B1	rs71386921
KIFC3	rs71386921
LINC01163	rs71386921
MYMX	rs71386921
ELOVL3	rs71386921
NMU	rs71386921
TIGD3	rs71386921
CLBA1	rs71386921
SNORA50D	rs71386921
MIR3691	rs1200921
LINC02288	rs143072280
ST8SIA5	rs143072280
BANP	rs143072280
IFNA4	rs143072280
CCR3	rs2754412
MIR8077	rs2754412
SULT4A1	rs2754412
LOC105378979	rs11146838
FBXO48	rs11146838
ALX4	rs11146838
NNT	rs11146838
GGA1	rs66964413
SHC1	rs66964413
SMIM7	rs66964413
AFF1	rs66964413
OCLN	rs35306388
PXDC1	rs35306388
PLXNB1	rs61865900
MIR5193	rs35997229
SLC10A6	rs35997229
MAP1LC3C	rs141448180
BRF2	rs141448180
MIR1303	rs141448180
ARID1B	rs189157202
CIT	rs189157202
LOC101929237	rs76340606
MIR4276	rs76340606
KATNAL2	rs76340606
LUCAT1	rs76340606
XLOC_009911	rs76340606
DYDC1	rs76340606
LINC02224	rs76340606
NREP	rs76340606
ATRNL1	rs76340606
ZSCAN16-AS1	rs76340606
EBF2	rs76340606
RBM14	rs76340606
CPD	rs76340606
CPA1	rs76340606
KIN	rs76340606
CSF1	rs76340606
TAB2	rs76340606
N4BP2L2-IT2	rs76340606
PITX3	rs76340606
SYT7	rs76340606
GPR33	rs76340606
HDHD2	rs76340606
CNGA1	rs76340606
CACNG8	rs76340606
TSPEAR-AS1	rs76340606
GUCA2A	rs76340606
MIR4639	rs76340606
MESP2	rs76340606
DHX58	rs76340606
IL6	rs76340606
CCL24	rs2771267
GADL1	rs2771267
RPGRIP1L	rs2771267
ADCK2	rs2771267
GNAO1	rs2771267
FAM207A	rs2771267
KDM2A	rs2771267
FLYWCH2	rs7904519
FLJ33534	rs7904519
MIR608	rs7904519
ZNF385C	rs7904519
CARD19	rs7904519
MIR4276	rs7904519
KLHDC3	rs7904519
MIR342	rs7904519
MORC2-AS1	rs7904519
XLOC_008559	rs7904519
LAMC3	rs7904519
MFAP2	rs7904519
ASPHD2	rs7904519
LCA5	rs7904519
CTD-2194D22.4	rs9421352
CMAHP	rs9421352
SLC2A1	rs9421352
ZDHHC21	rs9421352
LOC643327	rs9421352
SLC22A24	rs9421352
CKM	rs9421352
TRARG1	rs9421352
H2AC4	rs9421352
GALR2	rs9421352
C16orf96	rs9421352
LOC100128770	rs9421352
ZNF839	rs9421352
CCDC182	rs9421352
LINC01017	rs9421352
SMARCAL1	rs748476
MBOAT2	rs748476
CCDC12	rs748476
SRP68	rs748476
NUDT21	rs748476
LOC100130992	rs748476
RAET1E-AS1	rs748476
LOC101927179	rs748476
HIF1AN	rs748476
SNORD113-8	rs748476
SDR42E1	rs45631563
TMEM104	rs45631563
TMCO2	rs2253762
KIF4B	rs2253762
OR1A2	rs2253762
TBC1D7-LOC100130357	rs2253762
PRL	rs117649165
RAB18	rs117649165
ELP6	rs117649165
LPIN1	rs117649165
PON3	rs117649165
ATF4	rs117649165
EMBP1	rs117649165
MIR17	rs117649165
FOXO6	rs67958007
IL13	rs7098100
HMHB1	rs7072776
AKAP11	rs7072776
TTC12	rs7072776
DMRTA1	rs72806318
PPFIA1	rs2384736
RPS6KA5	rs10995201
UBR3	rs11199914
MIR3164	rs11199914
TSPAN19	rs11462858
CRYAB	rs1696803
CD81-AS1	rs1696803
BCL11A	rs7570
SNORA36C	rs7570
NDUFS4	rs7570
KNCN	rs7570
LINC00578	rs7570
CAMSAP2	rs7570
TEX26-AS1	rs7570
ZNF703	rs7570
LINC00899	rs7570
MRGPRF	rs7570
PDCL2	rs7570
SNORD14E	rs7570
KCNJ4	rs7570
ERRFI1	rs7570
ANKDD1B	rs7570
SCARNA14	rs7570
EPB41L4A	rs7570
SPRY4-AS1	rs7570
LOC100505588	rs7570
PPIE	rs7570
H1-3	rs7570
PAICS	rs7570
POMGNT1	rs7570
LSM12	rs7570
FXR2	rs7570
PVRIG	rs7570
CYP3A43	rs7570
DNM1P35	rs7570
C16orf96	rs7570
CENPN	rs7570
FGF11	rs7570
PSORS1C1	rs7570
SLFNL1-AS1	rs7570
TNFSF11	rs7570
TNFSF8	rs7570
DESI1	rs7570
LOC101927789	rs7570
MDC1	rs7570
FBXL7	rs7570
TMCO2	rs7570
RPP25	rs7570
LINC02643	rs7570
MIR3148	rs7570
RELCH	rs77683187
NECTIN2	rs77683187
ZNF799	rs77683187
BANP	rs77683187
DPYS	rs77683187
ME1	rs77683187
SUCO	rs77683187
MAS1	rs77683187
PIAS2	rs77683187
GP1BB	rs77683187
FAM131C	rs77683187
CACNG7	rs77683187
AKR1C4	rs77683187
MSRB2	rs77683187
ZNRF3	rs77683187
PLK5	rs77683187
BZW1-AS1	rs77683187
ANKRD9	rs77683187
EFCAB3	rs77683187
CLPTM1	rs77683187
MT1A	rs77683187
C22orf31	rs77683187
STAG3L5P	rs77683187
CIDEA	rs800132
RPS18P9	rs800132
BTG4	rs800132
CSNK1A1	rs800132
XAF1	rs800132
SALL4	rs800132
NLRP7	rs800132
MIR4743	rs800132
PRRC2A	rs800132
CACNG7	rs800132
PNLIPRP3	rs800132
KRTAP10-4	rs800132
KCNQ1-AS1	rs800132
DIRC1	rs800132
SLC22A3	rs800132
PPM1K-DT	rs800132
POMT1	rs800132
ARGFXP2	rs800132
MIR1301	rs800132
LINC02169	rs800132
BISPR	rs800132
CCDC106	rs800132
LINC01645	rs800132
KIR2DL3	rs800132
ZNF774	rs800132
RELCH	rs117698693
IYD	rs117698693
DCAF17	rs117698693
SP6	rs117698693
NAALADL1	rs117698693
TCF3	rs117698693
LINC01694	rs117698693
TCF7	rs117698693
BORCS7-ASMT	rs117698693
ABCF1	rs117698693
PAPOLG	rs117698693
ETV3	rs117698693
HLA-C	rs117698693
LGMN	rs117698693
EPHX3	rs117698693
PTPN23	rs117698693
RXFP4	rs117698693
SLC27A1	rs117698693
GSTM3	rs117698693
TAF6L	rs117698693
BAG3	rs117698693
LOC101927166	rs4345958
LOC105369921	rs4345958
MIR3936HG	rs4345958
GP6	rs4345958
LOC105375429	rs4345958
HMCN2	rs4345958
CDC42EP1	rs4345958
ACHE	rs4345958
SDHB	rs4345958
PSG2	rs4345958
HCG18	rs4345958
SLC1A6	rs4345958
RASSF2	rs4345958
TAF9	rs4345958
HOXB-AS3	rs4345958
INSYN2B	rs4345958
LOC100996318	rs4345958
GRN	rs5789877
PKD2	rs5789877
OMD	rs5789877
GLIS2	rs5789877
IMPACT	rs5789877
LRRN4CL	rs5789877
HELQ	rs5789877
IFITM2	rs5789877
SNORD113-6	rs10832963
ZNF207	rs10832963
MIR6868	rs10832963
HMCN1	rs10832963
ASAH2	rs10832963
MXRA7	rs10832963
SLC1A6	rs10832963
NAT1	rs10832963
FDXR	rs10832963
FOXP1-AS1	rs10832963
MIR145	rs10832963
LOC107985544	rs10832963
PRRC2A	rs10832963
LOC100129055	rs10832963
NPTX2	rs10832963
SDR42E1	rs10832963
HPGD	rs10832963
OR3A1	rs10832963
CPAMD8	rs10832963
MGAT3	rs10832963
MIR412	rs10832963
H1-1	rs10832963
RIN3	rs10832963
UQCR10	rs10832963
C2CD2	rs10832963
MPDZ	rs10832963
TTLL6	rs10832963
FBN2	rs10832963
ZSWIM5	rs10832963
SLC22A8	rs10832963
SDHAP3	rs10832963
VIP	rs10832963
MLANA	rs10832963
LOC100652768	rs10832963
LINC02080	rs10832963
DPF2	rs10832963
FAM166C	rs10832963
MICU3	rs11354714
AMH	rs11354714
C5orf49	rs11354714
SNORA29	rs11354714
SNORD114-18	rs11354714
LPIN1	rs11354714
LOC101927661	rs11354714
LOC105378047	rs11354714
SCYL1	rs11354714
SLC22A6	rs11354714
SLC26A6	rs11354714
TNFAIP2	rs11354714
ZNF439	rs11354714
FAM120AOS	rs11354714
MCL1	rs11354714
PLAC8	rs11354714
CNIH2	rs11039183
LINC00999	rs11039183
CYP4F3	rs11039183
GK5	rs11039183
PTCD1	rs11039183
LOC153684	rs11039183
TRAPPC1	rs11039183
HCG27	rs11039183
TBC1D1	rs11039183
LINC02118	rs11039183
MIR369	rs11039183
HLA-H	rs11039183
LINC00607	rs11039183
HIC1	rs11039183
ZCWPW2	rs11039183
FTO	rs11039183
PSG8	rs11039183
API5	rs11039183
VEPH1	rs11039183
ISL1	rs11039183
ARHGAP5-AS1	rs11039183
RNU12	rs11039183
COPS6	rs11039183
PDE4D	rs11039183
MIR6830	rs11039183
OMD	rs11039183
TPK1	rs11039183
NKX2-1	rs11039183
ZNF564	rs11039183
PARVG	rs11039183
C6orf62	rs11039183
BCAS1	rs11039183
MIR5197	rs11039183
LSM1	rs11039183
LINC01611	rs11039183
NPHP1	rs11039183
SLU7	rs11039183
SMC1B	rs11039183
TTK	rs11039183
CASTOR3	rs11039183
C6orf136	rs11039183
MTMR12	rs11039183
FDPS	rs11039183
TCTEX1D4	rs11039183
ZNF394	rs11039183
TTF2	rs11039183
LOC105374344	rs11039183
MIR548E	rs11039183
HCG22	rs617791
PHOSPHO1	rs617791
TAX1BP1	rs617791
LINC01235	rs617791
FN1	rs617791
OR10G9	rs617791
MRPS36	rs617791
TEF	rs617791
RNF182	rs617791
SHISAL1	rs72932540
TMEM89	rs72932540
LOC101927789	rs72932540
H2BC13	rs72932540
AQP7	rs72932540
COPRS	rs72932540
MRGPRD	rs72932540
IGSF3	rs72932540
KCTD1	rs72932540
KIF1B	rs72932540
PLAUR	rs72932540
SNORD114-15	rs72932540
NKX2-1	rs72932540
PSMC3IP	rs72932540
SEPTIN3	rs72932540
NAGLU	rs72932540
TRAPPC10	rs72932540
LOC100499489	rs34507830
SNORD3G	rs34507830
RAD21-AS1	rs34507830
VWDE	rs34507830
FAM71E2	rs34507830
RPLP2	rs34507830
MIR665	rs34507830
MIR4279	rs34507830
SNORD43	rs34507830
FIZ1	rs34507830
SNORD16	rs505372
MDGA1	rs505372
MTA3	rs505372
RPS15AP10	rs505372
LINC00334	rs505372
RILP	rs505372
HMGN4	rs505372
ZNF618	rs505372
WNK2	rs505372
EIF2S1	rs505372
CLDN1	rs505372
LINC01614	rs505372
HSPA1A	rs505372
GDPGP1	rs505372
LRRTM3	rs505372
ZNF589	rs505372
LINC02101	rs643506
CD81-AS1	rs643506
ANKLE1	rs643506
SUB1	rs643506
MIR466	rs643506
CLPSL1	rs643506
REN	rs643506
SCARNA14	rs643506
NAT14	rs643506
LINC01483	rs643506
CAGE1	rs643506
ZBTB7C	rs643506
LILRB5	rs643506
ISOC1	rs643506
LOC285626	rs643506
C1QL2	rs643506
SNORD114-15	rs643506
LY75-CD302	rs643506
CDC27	rs643506
LINC02106	rs643506
MIR4429	rs643506
UBL7	rs7121616
IRX1	rs7121616
OR1A2	rs7121616
MRC2	rs7121616
MIR378E	rs7121616
CAB39L	rs7121616
DCST1	rs7121616
AGBL2	rs7121616
KCNIP1-OT1	rs7121616
LY86-AS1	rs7121616
CNOT7	rs7121616
ADAM3B	rs7121616
TARS2	rs7121616
ALX3	rs7121616
FIZ1	rs7121616
CALML5	rs7121616
ZNHIT2	rs7121616
ACO1	rs7121616
EFNA3	rs7121616
ENC1	rs7121616
HCP5	rs7121616
KIAA1324	rs7121616
ARHGAP26-IT1	rs7121616
FAM219B	rs7121616
CTNNBIP1	rs7121616
MYPOP	rs7121616
MIR6715A	rs7121616
VAV3-AS1	rs7121616
HEXIM2	rs7121616
ZNF311	rs7121616
NFIL3	rs7102494
ZNF713	rs7102494
XCL2	rs7102494
LOC100499489	rs7102494
LOC643327	rs7102494
MIR6805	rs7102494
SREBF2-AS1	rs7102494
MIR410	rs7102494
SLC19A1	rs7102494
EFNA4	rs7102494
INSYN1	rs7102494
MIR875	rs7102494
TMEM217	rs7102494
NFKB2	rs11410354
NBAT1	rs11410354
MIR4651	rs11410354
CRACR2B	rs11410354
ROR1	rs11410354
TACR3	rs11410354
ABCA1	rs11410354
GIPC1	rs11410354
LRIG2	rs11410354
LOC642366	rs11410354
SLC12A7	rs11410354
LINC00954	rs11410354
ZNF155	rs11410354
GTF2IP1	rs11410354
SCP2D1-AS1	rs11410354
UQCRC1	rs11410354
PRRT1B	rs11410354
NLRP12	rs11410354
MYRF-AS1	rs11410354
QPCTL	rs11410354
TNFSF8	rs11410354
ARL3	rs11410354
NAP1L4	rs11410354
ASTN1	rs11410354
RIPOR2	rs11410354
APC	rs11410354
USP28	rs11410354
LINC00410	rs11410354
MIR4488	rs11410354
HCG4	rs11410354
RUNDC3A	rs11410354
ALOX12P2	rs6597981
ADRA2A	rs6597981
C6orf47	rs6597981
LOC101928272	rs6597981
FAM238A	rs6597981
STC1	rs6597981
MRPL40	rs6597981
PTPN5	rs6597981
LOC101929413	rs6597981
NCAPG	rs6597981
EPB41L5	rs6597981
LIX1L	rs6597981
RBM24	rs6597981
LOC101928053	rs6597981
IDH2	rs6597981
LINC01674	rs6597981
AK6	rs6597981
CYLD	rs6597981
MED26	rs6597981
SFTPA2	rs6597981
MLEC	rs6597981
ARL17B	rs6597981
IFFO2	rs6597981
TNP2	rs6597981
POP5	rs6597981
SLC25A12	rs6597981
NWD1	rs6597981
DANCR	rs6597981
POU5F1	rs6597981
FAM184B	rs6597981
LINC02667	rs1973765
LINC02605	rs1973765
PIK3CD-AS2	rs1973765
UNC119B	rs1973765
DM1-AS	rs1973765
LINC02280	rs1973765
KCNQ4	rs1973765
ZNF821	rs1973765
HNF4G	rs1973765
PNISR	rs1973765
OR10G7	rs1973765
MIR12123	rs1973765
ADCK2	rs1973765
CEP131	rs1973765
CTIF	rs1973765
LOC100130872	rs1973765
ELDR	rs1973765
SLC25A21-AS1	rs4757319
HLA-H	rs4757319
LINC02210-CRHR1	rs4757319
GREB1	rs3853291
ZNF397	rs3853291
INVS	rs3853291
MIR6863	rs3853291
MIR4456	rs3853291
ARL9	rs3853291
ADAM15	rs3853291
TRRAP	rs3853291
C1orf116	rs3853291
ZNF704	rs3853291
DOC2GP	rs3853291
ERI3	rs3853291
GUCY2D	rs3853291
GET3	rs3853291
SPTLC1	rs3853291
MIR7852	rs3853291
LINC01163	rs3853291
APOBEC3A	rs3853291
ATL1	rs3853291
RIN2	rs3853291
RAB37	rs7937840
MIDN	rs7937840
ARFGAP2	rs7937840
TMEM256	rs7937840
FAM180B	rs7937840
NAGLU	rs7937840
AMIGO1	rs7937840
HLA-G	rs7937840
LOC101928505	rs7937840
LINC01855	rs7937840
NUTM2E	rs7937840
FEN1	rs7937840
MIR543	rs7937840
CDADC1	rs7937840
LINC00392	rs7937840
MIR4646	rs7937840
MED13	rs7937840
PTPN9	rs7937840
LINC00709	rs7937840
LINC02189	rs7937840
MAN2C1	rs7937840
IFITM1	rs7937840
LOC642648	rs7937840
MFAP2	rs7937840
ENOPH1	rs7937840
RPRD1B	rs7937840
ALOX15B	rs7937840
TIPRL	rs7937840
LOC646762	rs7937840
POLR2B	rs7937840
LOC283731	rs7937840
FGF18	rs7937840
MIR4762	rs7937840
ADRA1B	rs7937840
ORM1	rs7937840
DMAC1	rs7937840
EXT2	rs7937840
CTSW	rs7937840
INS	rs7937840
MRPS18A	rs7937840
SNHG27	rs7937840
TMEM9	rs7937840
LOC101927551	rs7937840
PCBP3-AS1	rs7937840
SGMS1	rs7937840
LRRN1	rs7937840
LINC02255	rs7937840
API5	rs7937840
KCNRG	rs7937840
LOC105376453	rs7937840
MEPCE	rs7937840
SPSB4	rs7937840
PRRT1B	rs7937840
TXNIP	rs7937840
AQP10	rs7937840
FAM219B	rs7937840
LINC01163	rs7937840
CARS1	rs7937840
TFDP2	rs7937840
SETD3	rs7937840
BTN3A3	rs7937840
MIR4291	rs7937840
NRIP3	rs7937840
BRD7	rs7937840
ZNF625	rs7937840
POU2F1	rs7937840
OR4X2	rs7937840
TNK1	rs7937840
LILRB1	rs7937840
RPA1	rs7937840
CYP51A1-AS1	rs7937840
LSM2	rs7937840
EPHB4	rs7937840
MIR4432HG	rs7937840
MAN2B1	rs7937840
CARMN	rs7937840
ASCC2	rs7937840
SLC25A1	rs7937840
JAG2	rs7937840
FADS2	rs7937840
EXO1	rs7937840
SNRPF	rs7937840
CLCA4	rs3903072
LRRC3	rs3903072
C17orf67	rs3903072
FOXL2	rs3903072
ATP6V1G2-DDX39B	rs3903072
ZNF397	rs3903072
MIR6747	rs3903072
LOC642648	rs3903072
SYMPK	rs3903072
RPL35	rs3903072
IL15RA	rs3903072
PMPCB	rs3903072
MIR25	rs3903072
FTO-IT1	rs3903072
LCA5	rs3903072
WDR25	rs3903072
OR10G8	rs3903072
TMIE	rs3903072
ADAMTS15	rs3903072
WASHC2A	rs3903072
NXF1	rs3903072
PDGFB	rs3903072
MEPE	rs3903072
GIGYF1	rs3903072
HMGN4	rs3903072
ZNF90	rs3903072
SLC10A4	rs3903072
CAVIN1	rs3903072
LOC441086	rs3903072
OGFOD1	rs3903072
GFM2	rs3903072
ALX3	rs3903072
ZNF37A	rs3903072
RAB44	rs3903072
NBR1	rs3903072
UBR4	rs3903072
SRD5A1	rs3903072
NKAPL	rs3903072
LOC646588	rs3903072
MYL4	rs3903072
DSCC1	rs3903072
CSF1	rs3903072
RAB1B	rs3903072
HECTD2	rs3903072
LOC101929470	rs3903072
PIBF1	rs3903072
KDM7A-DT	rs3903072
PRDM11	rs3903072
WDR47	rs3903072
PPP3R1	rs3903072
SNORD113-8	rs3903072
RERE	rs3903072
CD274	rs3903072
TRAK2	rs3903072
LINC00868	rs3903072
POTED	rs3903072
TOM1L2	rs3903072
DNMBP-AS1	rs3903072
MIR425	rs3903072
SLC25A35	rs3903072
CCSER1	rs3903072
PPP1CA	rs3903072
ARL8A	rs3903072
TTLL13P	rs3903072
DEAF1	rs3903072
VN1R10P	rs1783730
HAO2	rs1783730
CDK6-AS1	rs1783730
GTDC1	rs1783730
LOC101927480	rs1783730
ADRA1A	rs1783730
SPDYC	rs1783730
LOC100270746	rs1783730
ARHGAP26	rs1783730
OR3A2	rs1783730
MOSPD3	rs1783730
SUB1	rs1783730
FKBP5	rs1783730
NNMT	rs1783730
CEACAM1	rs1783730
ODF3L1	rs1783730
HAT1	rs11344495
UBLCP1	rs11344495
CSPG4	rs11344495
SH3GLB1	rs11344495
PTPN2	rs11344495
VOPP1	rs55908905
TSACC	rs55908905
RASAL2	rs55908905
LOC100288570	rs78540526
MIR146B	rs78540526
TRERF1	rs71063528
EFCAB6	rs71063528
DCAF17	rs71063528
GAL	rs71063528
MIR497	rs71063528
SNORD29	rs71063528
FNDC3B	rs71063528
TCF7	rs71063528
LINC02092	rs71063528
CES1	rs71063528
USP25	rs71063528
CD58	rs71063528
SOX15	rs71063528
SCT	rs71063528
RHOC	rs71063528
SLC26A1	rs71063528
SCARNA27	rs71063528
MIR4690	rs71063528
LOC105371335	rs71063528
PPP2R2A	rs71063528
ZNRD2-AS1	rs71063528
HMGCR	rs201462698
WDFY3-AS2	rs201462698
GALNT7	rs201462698
MIF4GD	rs201462698
MIR4716	rs201462698
CNOT8	rs201462698
NME6	rs201462698
MUC2	rs201462698
MPC2	rs201462698
PMFBP1	rs201462698
MIR1269A	rs11820646
MIR6752	rs11820646
GCDH	rs11820646
VTCN1	rs11820646
IQGAP3	rs11820646
MIR485	rs11820646
GRPEL2	rs11820646
LOC101927365	rs11820646
MIR1199	rs11820646
AP4B1	rs11820646
MUC15	rs11820646
POP5	rs11820646
UBE2Q1	rs3817198
IFNA7	rs3817198
DUSP22	rs3817198
DCP2	rs217727
COMMD8	rs217727
KCTD18	rs217727
SLC31A1	rs217727
LOC100129055	rs217727
P4HTM	rs217727
RANBP9	rs217727
NOL10	rs217727
OR2A7	rs217727
CYP3A7	rs217727
PSMA1	rs217727
LINC00443	rs217727
CHGB	rs217727
LOC105370708	rs554219
GALNT15	rs75915166
MRGPRF-AS1	rs11822830
OR1I1	rs12422552
TMX1	rs12422552
FAM180B	rs12422552
SNORD29	rs12422552
MIR497	rs12422552
HEATR5A	rs12422552
LOC102724084	rs12422552
TMEM165	rs12422552
MIR541	rs12422552
LINC02688	rs12422552
GADL1	rs12422552
INSM1	rs12422552
CIB4	rs12422552
OR13C4	rs12422552
LINC01714	rs12422552
LOC100507071	rs12422552
SLC37A1	rs12422552
LOC644634	rs12422552
POU2AF1	rs12422552
POLR2J2	rs17356907
MIR640	rs17356907
KRTAP12-2	rs17356907
SLC25A45	rs17356907
PLEKHM1	rs17356907
ABLIM1	rs17356907
ERI3-IT1	rs17356907
ANKRD20A19P	rs17356907
CYP3A5	rs17356907
ISL2	rs17356907
SCAP	rs17356907
PPP1R12C	rs17356907
YTHDC2	rs17356907
ZNF33A	rs17356907
MIR3126	rs17356907
CEP162	rs17356907
MIR4452	rs17356907
PPL	rs17356907
COPZ2	rs17356907
KDM7A-DT	rs17356907
UTP6	rs17356907
CAPNS2	rs17356907
SGSM2	rs17356907
PKD1L3	rs17356907
TMEM79	rs17356907
ZFP69	rs17356907
SNORD14C	rs1292011
ARL16	rs1292011
TM7SF2	rs1292011
PWP2	rs1292011
UBN1	rs1292011
CLVS2	rs1292011
SPINK2	rs206966
SNORD135	rs206966
SRP68	rs206966
MIR6889	rs206966
LOC102724153	rs206966
ZNF506	rs206966
TMEM80	rs206966
NDRG3	rs206966
LINC00678	rs206966
ERMAP	rs206966
MIR1245A	rs206966
MIR574	rs206966
ARHGAP5	rs206966
KIR2DS4	rs206966
ARMC12	rs206966
MIR12121	rs206966
SCARNA2	rs206966
UBE2U	rs206966
LOC100128361	rs206966
OR10H3	rs206966
LOC105370622	rs206966
LINC01855	rs206966
LOC101930370	rs206966
AHNAK	rs206966
MIR6748	rs206966
CEACAM8	rs206966
SNORD114-2	rs206966
MST1R	rs206966
MIR3936HG	rs206966
MAST4-AS1	rs206966
KLHL8	rs206966
CLCC1	rs206966
LINC02544	rs206966
NFKBIA	rs206966
JOSD1	rs206966
THSD7A	rs206966
LOC105377777	rs206966
PPIH	rs7297051
TBX10	rs7297051
CIRBP	rs7297051
PALMD	rs7297051
LIPI	rs7297051
ARFGAP3	rs7297051
TEX48	rs7297051
GEN1	rs7297051
AKAP8	rs7297051
MIR639	rs7297051
GYPB	rs7297051
ERI3	rs7297051
VAC14-AS1	rs7297051
FOXN3	rs7297051
BRSK2	rs7297051
KRTAP10-1	rs7297051
SNORD114-2	rs7297051
MCL1	rs202049448
DLGAP4	rs202049448
CTBP1-DT	rs202049448
SLC12A9	rs201073821
CIDEA	rs201073821
PXDC1	rs201073821
LINC00379	rs201073821
TARDBP	rs201073821
MANBA	rs201073821
LINC01033	rs201073821
LINC00886	rs201073821
LOC110091776	rs201073821
LOC105371998	rs201073821
ZNF101	rs201073821
MAN2A2	rs201073821
IER3IP1	rs201073821
NDUFAF4P1	rs201073821
SHISA4	rs201073821
SMNDC1	rs201073821
MIR5681B	rs201073821
RRM2	rs201073821
ZAN	rs201073821
MST1P2	rs201073821
RTN4RL1	rs201073821
LOC105379152	rs11383827
MIR4257	rs11383827
C19orf44	rs11383827
TMEM185B	rs11383827
MIR300	rs11383827
SLC66A1L	rs11383827
LOC101927513	rs11383827
ZNF333	rs11383827
GABBR1	rs11383827
AAGAB	rs11383827
ARHGEF11	rs11383827
LOC101929297	rs11383827
NLRP12	rs11383827
DLX2-DT	rs11383827
PMS2P3	rs11383827
MIR376A2	rs11383827
NINJ1	rs11383827
GKN1	rs9562987
CRLF3	rs9562987
GRIN2B	rs9562987
HAND2	rs9562987
A1CF	rs9562987
HJV	rs9562987
LINC01638	rs9562987
FOXJ3	rs9562987
MIR6744	rs9562987
ALOX15B	rs9562987
MROH3P	rs9562987
NUTM2E	rs9562987
OR13C4	rs9562987
CFAP99	rs9562987
MT1JP	rs9562987
ARL17B	rs9562987
AQP10	rs9562987
GSTM3	rs9562987
SNORD128	rs9562987
PCOLCE-AS1	rs9562987
DCAF13P3	rs9562987
AOX1	rs9562987
TOM1L2	rs9562987
RERG	rs9562987
FURIN	rs9562987
PLVAP	rs9562987
ARHGAP25	rs9562987
TBC1D27P	rs3029748
ZSCAN16-AS1	rs3029748
ADD2	rs3029748
ZNF24	rs3029748
PINLYP	rs3029748
SLC16A5	rs3029748
SMURF2P1-LRRC37BP1	rs3029748
AHSA2P	rs3029748
SGCE	rs3029748
PLXDC2	rs3029748
POLDIP3	rs3029748
SRGAP2-AS1	rs3029748
SKIDA1	rs9578106
ABCA1	rs9578106
N4BP2L2	rs9578106
DNAJC2	rs9578106
MAN2A2	rs9578106
LOC101927855	rs9578106
REST	rs9578106
BACE1	rs9578106
OR1A2	rs9578106
MGAT4FP	rs9578106
C11orf96	rs9578106
SLC39A3	rs9578106
SPTY2D1OS	rs9578106
PPT1	rs9578106
SPATS2L	rs9578106
LRRC3B	rs11571833
IP6K2	rs11571833
CCDC6	rs11571833
FBXO8	rs11571833
SLC35A3	rs11571833
POLR3C	rs11571833
SRSF3	rs11571833
SYNGR1	rs11571833
NOG	rs12870942
LYSMD4	rs12870942
DRD2	rs6562760
RPGRIP1L	rs6562760
ADAMTSL4-AS1	rs6562760
VASN	rs6562760
FTO	rs6562760
MALAT1	rs6562760
DRD2	rs148731571
BATF	rs148731571
SCARNA18	rs148731571
AHRR	rs148731571
LOC100996842	rs148731571
MESP1	rs148731571
MIR4258	rs148731571
RAB3IL1	rs148731571
ATL1	rs148731571
NSUN2	rs148731571
OR13C9	rs113855064
CDC42EP2	rs113855064
B4GALT1-AS1	rs113855064
SNORD114-28	rs113855064
LINC00243	rs113855064
SOX13	rs113855064
MUC5AC	rs113855064
MPP6	rs113855064
H2BC11	rs113855064
SP6	rs113855064
PNPLA1	rs113855064
MIR539	rs2588809
MICU3	rs2588809
SLC24A3	rs2588809
PKP3	rs2588809
TNFRSF12A	rs2588809
SLC27A2	rs2588809
ABCA12	rs2588809
ANKRD31	rs2588809
LINC00687	rs2588809
MIR425	rs2588809
FNDC1	rs2588809
SMIM14	rs2588809
KATNAL2	rs2588809
CCZ1P-OR7E38P	rs2588809
HMGCR	rs58327846
SNORD114-3	rs58327846
SCFD2	rs58327846
BAG4	rs58327846
DMD	rs58327846
RXFP2	rs58327846
ACER2	rs58327846
SYNE1-AS1	rs58327846
MRPS17	rs58327846
LINC01661	rs58327846
DHPS	rs58327846
PTCHD3	rs58327846
PRORP	rs58327846
FAM228B	rs58327846
CTSK	rs58327846
HTR7	rs58327846
FH	rs58327846
KRTAP10-9	rs58327846
MST1R	rs11627032
RAD17	rs11627032
LINC02029	rs11627032
DLK1	rs11627032
NR6A1	rs11627032
CALHM1	rs11627032
KLC3	rs11627032
OR10D3	rs11627032
NOL10	rs11627032
TBL1XR1	rs11627032
PCYOX1L	rs11627032
ZNF184	rs11627032
LINC01524	rs11627032
CCDC125	rs11627032
KRTAP10-9	rs11627032
LOC105375713	rs140783387
JPT1	rs140783387
BLOC1S5	rs140783387
LOC728024	rs140783387
APH1A	rs140783387
RBM14	rs140783387
PRDX1	rs140783387
SLC16A1	rs140783387
MIR4452	rs140783387
PPP3CC	rs140783387
SAAL1	rs140783387
MIR4640	rs140783387
OXCT2P1	rs140783387
MEST	rs140783387
MIR4449	rs140783387
GJC1	rs140783387
PDXP	rs140783387
PAPOLG	rs140783387
LOC100996263	rs848087
GPR152	rs848087
SLC16A1-AS1	rs848087
PSG11	rs848087
BANK1	rs848087
SEC22B	rs848087
MASP2	rs848087
RPL37A	rs848087
MIR548A3	rs848087
SNORD38A	rs848087
GPATCH4	rs147032157
HSD17B11	rs147032157
TTYH2	rs147032157
ZNF180	rs147032157
ELOA3B	rs147032157
CFL1	rs147032157
AHNAK	rs147032157
SSTR3	rs147032157
ZNF618	rs147032157
LOC100130992	rs147032157
SLC12A7	rs147032157
LINC01106	rs147032157
RHOD	rs147032157
IFNA5	rs147032157
SMIM27	rs147032157
MIR668	rs35072154
TIAL1	rs35072154
PDZD2	rs35072154
PTGS2	rs35072154
DDX59-AS1	rs35072154
MIR11399	rs35072154
TPK1	rs35072154
MIR5584	rs35072154
EEF1AKNMT	rs35072154
PSMA8	rs35072154
WARS2	rs35072154
GORASP2	rs35072154
LINC00205	rs35072154
ZNF704	rs35072154
DAZAP1	rs35072154
ATL1	rs35072154
PHETA2	rs35072154
MSMB	rs35072154
LINC00303	rs35072154
TMEM41B	rs35072154
RERG	rs35072154
OXNAD1	rs35072154
MUC5B	rs9323635
ZCCHC2	rs9323635
LOC105373553	rs9323635
LINC01622	rs9323635
SCN3B	rs9323635
LINC01763	rs9323635
EPS15L1	rs9323635
WASHC2A	rs9323635
SNORD113-1	rs9323635
GSDME	rs9323635
ERICH1	rs9323635
KRTAP5-2	rs9323635
FABP7	rs9323635
LINC02691	rs9323635
TANC1	rs9323635
HAUS8	rs9323635
MIR4665	rs9323635
VWA8-AS1	rs9323635
LINC01719	rs9323635
COL26A1	rs9323635
HLA-J	rs9323635
CINP	rs9323635
UGDH	rs9323635
APOA1	rs9323635
CASTOR1	rs9323635
NIN	rs9323635
ANKFN1	rs112056657
MRPL14	rs112056657
RAI1-AS1	rs112056657
TOR1B	rs112056657
USE1	rs112056657
ARHGAP15	rs112056657
GNG7	rs112056657
MYMX	rs112056657
PALM3	rs112056657
CNNM2	rs112056657
NPM2	rs112056657
MIR2276	rs112056657
MIR3915	rs141061110
LOC101928909	rs141061110
SNRNP48	rs141061110
SBF2	rs141061110
LINC00999	rs141061110
LOC339803	rs141061110
MIR548H2	rs141061110
MRPL36	rs141061110
CYP2D7	rs141061110
LOC101927447	rs141061110
AUH	rs141061110
NUP93	rs141061110
SLC26A2	rs141061110
NEURL4	rs141061110
CCDC127	rs941764
MIR127	rs941764
FAM174C	rs941764
MIR29B2	rs941764
IFITM3	rs941764
IL2RA	rs941764
LZTFL1	rs941764
DDX59-AS1	rs941764
LPAR2	rs941764
NT5C1B	rs941764
NCR1	rs941764
C3orf62	rs941764
PHRF1	rs368131309
MIR93	rs368131309
ORC2	rs368131309
TAF1L	rs368131309
PDZD2	rs368131309
MAP3K20	rs368131309
MATN3	rs368131309
FBN2	rs368131309
MIR1197	rs368131309
JPH3	rs368131309
EXOC3L4	rs368131309
BTBD2	rs368131309
MISP3	rs368131309
TMEM26	rs368131309
LINC02535	rs368131309
DCUN1D4	rs368131309
SRL	rs368131309
SNHG27	rs60226654
NAT1	rs60226654
LINC01915	rs60226654
CAGE1	rs60226654
TBX5	rs60226654
C11orf68	rs60226654
LINC00638	rs60226654
PPIC	rs60226654
SLC24A4	rs60226654
TOB2	rs60226654
LINC02542	rs60226654
TLE2	rs60226654
SPDYC	rs60226654
SMARCC1	rs60226654
DSC2	rs60226654
TMIGD1	rs60226654
GJC1	rs60226654
ARIH2OS	rs60226654
CEP44	rs2236007
IDE	rs2236007
EBF1	rs2236007
NPEPPS	rs2236007
LINC00870	rs2236007
FAM219B	rs2236007
SNORD90	rs1744947
CTIF	rs1744947
MIR632	rs999737
RPS6KA2-IT1	rs999737
LINC01147	rs999737
SMC1B	rs999737
MIR1249	rs999737
RAB5C	rs139530473
IMPG2	rs139530473
MIR455	rs139530473
DAGLA	rs139530473
CYB561A3	rs139530473
GNGT2	rs2295389
MRPL34	rs2295389
CBLN2	rs2295389
ZBTB42	rs2295389
MPC1	rs2295389
CAPN1	rs2295389
LOC101928858	rs2295389
KCNIP1-OT1	rs2295389
CACNA1A	rs2295389
JPT1	rs2295389
FOXJ3	rs2295389
MIR600	rs2295389
RCSD1	rs2295389
CA5A	rs2295389
PIK3CB	rs2295389
LOC400464	rs2295389
CTSD	rs2295389
COQ9	rs2295389
IDE	rs2295389
BSX	rs2295389
SUZ12P1	rs2295389
MIR612	rs2295389
OR6M1	rs2295389
MIR1197	rs2295389
CYB5R4	rs2295389
CDC25A	rs2295389
ASB16	rs2295389
LINC00693	rs2295389
TNRC6B	rs2295389
ZBED5	rs2295389
SCARNA22	rs2295389
OR12D1	rs2295389
GABPB1	rs2295389
MIR1206	rs2295389
DPF2	rs2295389
ASAH2B	rs2295389
BISPR	rs2295389
TRIM8	rs2295389
PPP2R2A	rs2295389
MIR548AE2	rs2295389
EVPL	rs2295389
CASC16	rs2295389
LENG8-AS1	rs2295389
NTN4	rs2295389
ZNF709	rs2295389
KIF21B	rs2295389
RNU1-2	rs2295389
STAU2	rs2295389
CPT1A	rs2295389
PPP6R3	rs2295389
FAU	rs2295389
LBX1-AS1	rs2295389
MFSD10	rs2295389
SNORD137	rs2295389
MIR3199-2	rs2295389
IL4	rs2295389
MRPL50	rs2295389
LOC101928343	rs2295389
SPDYE3	rs2295389
C11orf72	rs2295389
IFNA6	rs2295389
MIR3125	rs2295389
DPM3	rs2295389
C14orf178	rs2295389
ZNF224	rs2295389
LOC105370489	rs2295389
PLBD1	rs2295389
MIR581	rs2295389
TMEM217	rs2295389
PC	rs2295389
LGR4-AS1	rs2295389
SNORD113-9	rs2295389
SNORD3C	rs2295389
ELF3	rs2295389
CNNM2	rs2295389
MIR1245B	rs2295389
MIR4700	rs2295389
PSME3IP1	rs2295389
SVBP	rs2295389
CD2	rs2295389
TMBIM7P	rs2295389
COX7A2L	rs2295389
SCUBE2	rs2295389
LINC02150	rs2295389
TBX5	rs2295389
MIR24-2	rs2295389
MOCS2	rs2295389
STAU2-AS1	rs2295389
SLC39A14	rs2295389
GDPGP1	rs2295389
SLC6A18	rs2295389
SPDYE2	rs2295389
CDKN1A	rs2295389
APOBEC3B-AS1	rs2295389
NASP	rs2295389
MIR3663	rs2295389
C3orf84	rs2295389
TRIM25	rs2295389
OR10G4	rs2295389
SMIM18	rs2295389
DYNC1I2	rs2295389
ASAH2	rs2295389
SPATA41	rs2295389
LRRC71	rs2295389
APTX	rs2295389
PDSS1	rs2295389
IPPK	rs2295389
ADSS1	rs2295389
LOC100130987	rs2295389
ZNF628	rs2295389
LOC102724624	rs2295389
H1-5	rs2295389
CMC1	rs2295389
PLOD3	rs2295389
SACS-AS1	rs2295389
AAGAB	rs2295389
LDHC	rs2295389
LOC114841040	rs2295389
FADS2	rs2295389
CDPF1	rs2295389
KCNAB1-AS2	rs10623258
MIR632	rs10623258
ARG2	rs10623258
B3GNT3	rs10623258
GHDC	rs10623258
AP1B1	rs10623258
TACR3	rs10623258
MRPL40	rs10623258
SNORD114-13	rs10623258
FOXQ1	rs10623258
MIR600	rs10623258
SERINC1	rs10623258
LINC00574	rs10623258
ARMC12	rs10623258
CARNS1	rs10623258
BRI3	rs10623258
MUTYH	rs10623258
KIF14	rs10623258
LOC105373064	rs10623258
MIR1249	rs10623258
FBXO48	rs10623258
MST1L	rs10623258
KCNK13	rs10623258
SMNDC1	rs10623258
IGSF22	rs10623258
ZBTB21	rs10623258
NBPF13P	rs10623258
PKMYT1	rs10623258
TCAF1	rs10623258
TLX1	rs10623258
BST2	rs10623258
MESP2	rs10623258
TSL	rs10623258
OXNAD1	rs10623258
RNF141	rs10623258
RHBG	rs10623258
FOXC1	rs4774565
GYPB	rs4774565
LINC01424	rs4774565
NDRG3	rs4774565
SAMHD1	rs4774565
HCFC1R1	rs4774565
SNORA75B	rs4774565
LRIG2	rs4774565
DDHD2	rs4774565
C14orf178	rs4774565
CRNDE	rs4774565
MIR548K	rs4774565
NLRP12	rs4774565
CIB4	rs4774565
SF3A2	rs4774565
EEF1E1	rs4774565
PPP1R10	rs4774565
KRTAP10-7	rs4774565
LOC101928446	rs4774565
SATB2-AS1	rs4774565
PPT1	rs4774565
H1-0	rs4774565
LOC145845	rs8027365
ACTN3	rs8027365
TAFA3	rs8027365
ZFP36L1	rs8027365
SYDE1	rs8027365
H2AC17	rs8027365
MIR4690	rs8027365
SLC25A21	rs8027365
SEPTIN5	rs8027365
PNPO	rs181337095
SPINK2	rs181337095
MAL2-AS1	rs181337095
GRPEL2	rs181337095
MYO1D	rs181337095
PLEKHM1	rs181337095
RPS24	rs181337095
OR1F1	rs181337095
STARD4-AS1	rs181337095
MEST	rs181337095
CIT	rs181337095
ARLNC1	rs181337095
MIR6753	rs181337095
SNORD125	rs181337095
TMEM268	rs181337095
TTC38	rs181337095
LINC01163	rs181337095
NKD2	rs181337095
LINC02189	rs181337095
NR2F6	rs12904134
LINC00578	rs12904134
FBXL4	rs12904134
CLDN15	rs12904134
ANXA13	rs12904134
MIR152	rs12904134
ELOA3	rs12904134
LINC01932	rs12904134
ASS1	rs12904134
RNU4-1	rs12904134
C22orf46	rs12904134
TMEM183A	rs12904134
MLEC	rs12904134
SNORD125	rs12904134
BRSK1	rs12904134
EIF4A1	rs12904134
SECTM1	rs12904134
LOC100289561	rs12904134
KIF3A	rs12904134
CACNA1I	rs12904134
NKX3-1	rs67079557
STAG3L2	rs67079557
HAND2	rs67079557
TMEM258	rs67079557
MIR6782	rs67079557
BMP5	rs67079557
RSPRY1	rs67079557
MPZL2	rs67079557
SNORD140	rs67079557
SMIM7	rs67079557
POLR2B	rs67079557
FBXO8	rs67079557
PNKY	rs67079557
NSUN2	rs67079557
SNX32	rs67079557
EFCAB3	rs67079557
NANOS3	rs67079557
MIR608	rs67079557
MUC12-AS1	rs67079557
TMEM86A	rs67079557
MIR7856	rs67079557
ATP5MD	rs67079557
SLC6A19	rs77554484
SNORD1C	rs77554484
SOGA1	rs77554484
MTRR	rs77554484
SUB1	rs77554484
MIR6787	rs77554484
RASSF2	rs77554484
LOC101927178	rs77554484
INTS2	rs77554484
TEN1	rs77554484
SMILR	rs77554484
SPDYE3	rs77554484
COX5A	rs77554484
FAM120B	rs77554484
SHISAL1	rs77554484
MAPK8IP1P2	rs77554484
CDC25A	rs77554484
ZSCAN30	rs77554484
SASS6	rs77554484
H2BC20P	rs77554484
MICU3	rs77554484
TBX19	rs77554484
SNORA94	rs77554484
ECM1	rs77554484
ADGRE5	rs77554484
DIRAS1	rs77554484
MIR4279	rs77554484
LOC643406	rs77554484
TP63	rs2290203
ZBTB2	rs2290203
CEACAM19	rs2290203
RHCG	rs2290203
HMGXB3	rs2290203
TRAP1	rs2290203
LOC100996351	rs2290203
NUP50	rs2290203
MEST	rs2290203
AP1M1	rs2290203
LOC101928659	rs2290203
COMMD4P2	rs2290203
MTHFSD	rs2290203
LOC613206	rs2290203
DIS3	rs2290203
SLX4IP	rs184531260
RNF20	rs184531260
NRAV	rs184531260
MPC1	rs184531260
SLX4	rs184531260
ASXL2	rs184531260
BHLHE40-AS1	rs151090251
KDELR3	rs151090251
LOC101928940	rs151090251
HAPLN1	rs151090251
CER1	rs151090251
LINC00886	rs151090251
CASC19	rs151090251
PAIP1	rs151090251
NCOA1	rs151090251
FBXW9	rs151090251
RNF220	rs151090251
APOM	rs151090251
DGCR8	rs151090251
CENPN	rs151090251
C11orf52	rs151090251
ZSCAN32	rs151090251
PPIL4	rs151090251
GSDMC	rs151090251
SEC22B	rs151090251
MIR4653	rs151090251
MIR3618	rs151090251
PTPRE	rs151090251
C2orf42	rs151090251
WDR45B	rs151090251
DIRAS1	rs151090251
TIGD6	rs151090251
LINC01169	rs6938
PPFIA1	rs6938
PGPEP1	rs6938
RILP	rs6938
SNAI2	rs6938
HSPA1L	rs6938
RLN3	rs6938
LILRA1	rs6938
SLC9B2	rs6938
ZPR1	rs6938
LOC105376398	rs6938
NMNAT3	rs6938
IL10	rs6938
MRGPRG-AS1	rs6938
HNRNPK	rs6938
GRM3	rs6938
SSB	rs6938
YBX2	rs6938
SNORD114-29	rs6938
ZNF136	rs6938
ARHGAP18	rs140035696
NCEH1	rs140035696
CALML5	rs140035696
MIR548AI	rs140035696
GPAM	rs140035696
LINC01621	rs140035696
KCNAB3	rs140035696
BTBD6	rs140035696
EXOC3L4	rs140035696
FAM53A	rs140035696
NME6	rs140035696
EML1	rs140035696
MRPL23-AS1	rs140035696
MIER3	rs140035696
ZHX1	rs140035696
RPLP2	rs140035696
B3GAT3	rs140035696
GDAP2	rs140035696
NREP-AS1	rs12920416
C4orf48	rs12920416
MPZL3	rs12920416
SNORD38B	rs12920416
U2AF2	rs12920416
VTI1A	rs12920416
ATXN3	rs12920416
MOB3A	rs12920416
C1QTNF4	rs12920416
SLC1A6	rs12920416
SNORD139	rs12920416
PIK3R3	rs12920416
SNORA77	rs12920416
ASXL2	rs12920416
LOC101929882	rs12920416
C16orf95	rs12920416
HSPA4	rs12920416
GPR37L1	rs12920416
TMIGD1	rs12920416
LINC00513	rs12920416
C11orf53	rs12920416
LINC01605	rs12920416
SLC22A4	rs12920416
FAM171B	rs12920416
CDKL1	rs12920416
POLD4	rs12920416
RALGAPA2	rs12920416
SLC46A3	rs12920416
MGMT	rs12920416
ERI3	rs12920416
TYW5	rs12920416
MAST3	rs12920416
PPP1R13B	rs12920416
PPA2	rs12920416
THCAT158	rs12920416
MST1R	rs12920416
NOTCH3	rs12920416
RAD51B	rs12920416
CROCCP2	rs12920416
NOTCH2	rs12920416
MIR7852	rs12920416
LINC00243	rs12920416
LINC00229	rs12920416
PLXDC2	rs12920416
OXNAD1	rs12920416
ATIC	rs12920416
MSANTD3-TMEFF1	rs12918713
PIDD1	rs12918713
WDR27	rs12918713
LINC01012	rs12918713
ELP5	rs12918713
KISS1	rs12918713
PRRC2C	rs12918713
LOC101929882	rs12918713
NME6	rs12918713
FGFBP3	rs12918713
ARIH2OS	rs12918713
ASS1	rs12918713
DENND2B	rs12918713
OR1D4	rs12918713
KIAA2026	rs12918713
EPS8L1	rs12918713
PPA2	rs12918713
MIR548V	rs12918713
NOTCH2	rs12918713
PRSS44P	rs12918713
ARHGAP18	rs62048402
TNFRSF12A	rs62048402
RIC1	rs62048402
IGFL4	rs62048402
MIR8058	rs62048402
CABP4	rs62048402
CIT	rs62048402
ZFP37	rs2432539
NDUFAF8	rs2432539
CNNM1	rs2432539
RPS6KA2-IT1	rs2432539
LOC101927480	rs2432539
H3C12	rs2432539
C19orf53	rs2432539
IL24	rs2432539
ARHGEF5	rs2432539
SLC66A3	rs2432539
PPT1	rs2432539
TPM4	rs2432539
ADAM15	rs2432539
NREP-AS1	rs11646723
RNF20	rs11646723
HMCN1	rs11646723
RPL4	rs11646723
NRIP3	rs11646723
A1CF	rs11646723
TMEM130	rs11646723
CAMKV	rs11646723
SAT2	rs11646723
VAC14-AS1	rs11646723
CCDC170	rs11646723
E2F6	rs11646723
RBP2	rs11646723
LOC339862	rs11646723
HIF1AN	rs11646723
KLB	rs11646723
TNKS2	rs11646723
DNM3OS	rs11646723
RNPEP	rs11646723
TBKBP1	rs11646723
MIR10525	rs11646723
CSPG5	rs11646723
LINC00519	rs11646723
RCC2	rs11646723
SV2B	rs11646723
LOC101927420	rs11646723
LINC01569	rs11646723
BCAN	rs11646723
KLF16	rs11646723
FAM230J	rs11646723
SLC37A1	rs11646723
LOC105371592	rs11646723
C1orf61	rs11646723
PA2G4P4	rs11646723
HMGB2	rs71695136
PHRF1	rs71695136
SEPTIN9-DT	rs71695136
FAM180B	rs71695136
LINC00869	rs71695136
RNF152	rs71695136
SUZ12P1	rs71695136
CXXC4	rs71695136
PTGER1	rs71695136
PVALB	rs71695136
LOC100506858	rs71695136
CASC9	rs71695136
PLXNB1	rs71695136
HSPA8	rs71695136
HPS4	rs71695136
B4GAT1	rs71695136
BRD9	rs55986698
LAYN	rs55986698
LURAP1	rs55986698
SMAD1-AS1	rs55986698
MIR3129	rs13329835
HLA-G	rs56169712
C6orf118	rs56169712
HCG20	rs56169712
METAP1D	rs56169712
YME1L1	rs56169712
LOC105375401	rs56169712
LOC283045	rs56169712
UBE2K	rs56169712
PRPH2	rs56169712
PNN	rs56169712
C14orf178	rs56169712
RETREG1	rs56169712
FASN	rs4496150
BTN3A2	rs4496150
OTUD7B	rs4496150
ZKSCAN4	rs4496150
MAFF	rs4496150
MIR3678	rs4496150
ZSCAN12	rs4496150
LOC100630923	rs4496150
SNORA101B	rs4496150
KCNAB1-AS1	rs4496150
MYMX	rs4496150
PABPC4	rs4496150
LOC728989	rs4496150
AKIP1	rs4496150
ARIH2OS	rs4496150
ZDHHC24	rs4496150
MAP4K5	rs4496150
MIR19A	rs4496150
AKAP6	rs4496150
MIR8063	rs4496150
ST7L	rs4496150
LINC01828	rs4496150
MIR6764	rs4496150
LINC01349	rs4496150
OR13F1	rs4496150
B3GNTL1	rs4496150
PRM2	rs4496150
LGALS2	rs4496150
ARPP21	rs4496150
DVL2	rs4496150
ZNF554	rs56278937
MMP25	rs56278937
H2AC12	rs56278937
BATF	rs56278937
PRKCQ	rs56278937
MIR4716	rs56278937
TFPT	rs56278937
THEGL	rs56278937
DDX39A	rs56278937
PPCS	rs56278937
MIPOL1	rs56278937
NCS1	rs56278937
PODNL1	rs56278937
ZBTB44	rs56278937
MICA	rs56278937
H1-1	rs56278937
MSH5	rs56278937
LOC100287792	rs56278937
RSBN1	rs56278937
LDB1	rs56278937
MIR1915	rs56278937
SGSM2	rs56278937
CLCC1	rs56278937
TDRD10	rs56278937
MIR3691	rs56278937
LOC100129636	rs56278937
MUC21	rs56278937
GCGR	rs56278937
LOC107986876	rs56278937
NXPE1	rs4784227
VPS33B-DT	rs4784227
MIR6883	rs4784227
UQCRC1	rs4784227
MIR489	rs4784227
HHEX	rs4784227
MIR6746	rs4784227
ZNF404	rs4784227
MKLN1-AS	rs2303282
TSC22D4	rs2303282
SPATA17	rs2303282
NUP85	rs2303282
PRRX2-AS1	rs2303282
CERS1	rs2303282
PSD	rs2303282
TMEM267	rs2303282
IFITM10	rs2303282
STAG3L1	rs2303282
BSN-DT	rs2303282
LINC02871	rs2303282
MRGPRF-AS1	rs8050871
TSR1	rs8050871
LOC100130357	rs8050871
RNU1-2	rs8050871
FLOT1	rs8050871
IL34	rs8050871
MIR4713HG	rs8050871
CYCSP52	rs8050871
MIR4457	rs8050871
ALDH4A1	rs8050871
ALOX15B	rs8050871
ALX3	rs8050871
SNORA91	rs8050871
PLPP7	rs8050871
JADE2	rs8050871
INSM1	rs8050871
PSG8-AS1	rs8050871
FAM225B	rs8050871
TMEM129	rs8050871
ATL1	rs8050871
COPS6	rs8050871
TTC28-AS1	rs7500067
SPATA16	rs7500067
TBC1D7-LOC100130357	rs7500067
MIR1289-2	rs72820985
LOC105373656	rs72820985
SLC46A2	rs72820985
ATPAF2	rs72820985
SUZ12P1	rs72820985
GRAPL	rs72820985
HNRNPD	rs72820985
RPN2	rs72820985
CABP4	rs72820985
RERE	rs72820985
TMEM216	rs56077980
BHMG1	rs56077980
BSX	rs56077980
ERG28	rs28539243
ABRAXAS1	rs28539243
HFM1	rs28539243
UBE2QL1	rs28539243
SNORA55	rs28539243
CROCC	rs28539243
DCXR-DT	rs16952006
MAN2C1	rs16952006
CRYBA4	rs16952006
LOC105378052	rs16952006
SLC16A1	rs16952006
UBL4B	rs16952006
ARVCF	rs16952006
INSYN1-AS1	rs16952006
STC1	rs16952006
CBLN4	rs16952006
DCST1	rs16952006
C22orf23	rs16952006
RNF126P1	rs16952006
ANKRD1	rs16952006
CCDC163	rs16952006
FAM131C	rs16952006
NKX2-1	rs16952006
YOD1	rs16952006
UBASH3B	rs16952006
PAQR6	rs16952006
FAM50B	rs16952006
PEX14	rs16952006
SCN2B	rs16952006
LOC401312	rs16952006
ODF3	rs16952006
WNT8B	rs16952006
CTHRC1	rs16952006
CDK5R1	rs16952006
ZNF230	rs16952006
MIR1197	rs16952006
OSR2	rs16952006
LEPROTL1	rs16952006
LOC101927189	rs16952006
CMC2	rs16952006
MIR22	rs16952006
BOLA1	rs16952006
SF3A1	rs16952006
TUBAL3	rs16952006
KCNG1	rs16952006
PHETA2	rs16952006
MDC1	rs16952006
AARSD1	rs16952006
NOVA2	rs16952006
EMP1	rs16952006
LMOD1	rs16952006
UNC13A	rs16952006
RPP40	rs16952006
TRIM25	rs16952006
AIF1L	rs16952006
BEST2	rs16952006
KCNMA1-AS3	rs16952006
IPO9	rs16952006
CTSK	rs16952006
ECM2	rs16952006
CYP4F24P	rs57275132
C9orf129	rs57275132
TMEM267	rs57275132
C1orf220	rs57275132
INTS9	rs57275132
ELFN2	rs57275132
SCARNA14	rs57275132
PDGFRL	rs57275132
RFC1	rs57275132
SLC35G6	rs57275132
BRI3	rs57275132
SNORA50D	rs57275132
MIR20A	rs57275132
WRAP53	rs57275132
TP53I11	rs57275132
MED26	rs57275132
METTL23	rs57275132
RNF165	rs57275132
IRX2	rs57275132
ZNF391	rs57275132
ZFPL1	rs57275132
ZNF439	rs57275132
TMEM106B	rs57275132
CTSS	rs57275132
DGKZ	rs57275132
MC3R	rs57275132
DMTN	rs57275132
THOC6	rs57275132
UGDH	rs57275132
CD82	rs57275132
CD248	rs57275132
INSYN2B	rs57275132
IFNA13	rs57275132
HMGCS1	rs57275132
RELA	rs57275132
FRMD6-AS1	rs57275132
BACE1	rs57275132
TCOF1	rs57275132
ABHD12B	rs57275132
RELB	rs57275132
GTF2H1	rs57275132
TMEM30CP	rs57275132
LINC01311	rs57275132
MIR1260A	rs57275132
ABI3	rs57275132
PCM1	rs57275132
KRTAP10-5	rs57275132
LINC01829	rs57275132
ATP5MF	rs57275132
MKNK1-AS1	rs57275132
MBOAT7	rs57275132
SNORA91	rs57275132
NFE4	rs57275132
LOC100128770	rs57275132
WDR47	rs57275132
TSPEAR-AS2	rs57275132
ASTN1	rs57275132
SATB2-AS1	rs57275132
CTSW	rs57275132
ALDOB	rs57275132
BAG3	rs57275132
CD7	rs57275132
BHLHE40	rs57275132
GNMT	rs57275132
NFKB2	rs57275132
APOC2	rs57275132
ARRDC3	rs57275132
ZSCAN12P1	rs57275132
PLXNB1	rs57275132
TBC1D10C	rs57275132
NIPAL2	rs57275132
MTERF1	rs57275132
LOC101928659	rs57275132
ABCG2	rs57275132
NLRP12	rs57275132
IL10	rs57275132
PDS5B	rs57275132
LOC101927420	rs57275132
ATP6V1G2	rs57275132
MIR6764	rs57275132
MIR6876	rs57275132
KLC2	rs57275132
LINC00652	rs57275132
SFTPD	rs57275132
LOC101927131	rs57275132
H1-4	rs57275132
NSA2	rs57275132
HEXB	rs57275132
SPATA41	rs57275132
BIN3-IT1	rs57275132
NOTUM	rs57275132
SAMD9	rs57275132
MRGPRG	rs57275132
ZNF3	rs57275132
PPFIA1	rs57275132
ASCL2	rs57275132
PDZD7	rs57275132
BLMH	rs57275132
ZAR1	rs57275132
TRAPPC6B	rs57275132
SLC25A13	rs57275132
LOC100130264	rs57275132
UCN2	rs57275132
ATXN10	rs57275132
TMEM104	rs57275132
HMGCS2	rs57275132
SNORD28B	rs57275132
LOC643542	rs57275132
XRCC1	rs57275132
CDHR4	rs57275132
RHOD	rs57275132
PPDPFL	rs57275132
CCT6A	rs57275132
H2BC14	rs57275132
MST1	rs57275132
GOLGA6D	rs57275132
H4-16	rs57275132
INSYN1-AS1	rs187408367
ACTN1-AS1	rs187408367
NDUFB6	rs187408367
ATP2B4	rs187408367
LILRP2	rs187408367
TMEM225B	rs187408367
CNOT8	rs187408367
OR4X2	rs187408367
MICA	rs187408367
DLK2	rs187408367
C2CD2	rs187408367
SCGB1C1	rs187408367
LINC02478	rs187408367
LRRC56	rs187408367
CCDC34	rs187408367
PEAR1	rs187408367
FH	rs187408367
FAM230J	rs187408367
MKI67	rs187408367
LOC100506688	rs187408367
RAP1GAP2	rs187408367
HEXIM2	rs187408367
HPS5	rs187408367
LOC101927157	rs140494697
LCAL1	rs140494697
GOLGA6C	rs140494697
RIMKLA	rs140494697
KIF9-AS1	rs140494697
PLEKHM1	rs140494697
AKR1C1	rs140494697
TRIB1	rs140494697
TMEM38A	rs140494697
MIR4658	rs140494697
SNORD114-26	rs140494697
MIER3	rs140494697
LINC02160	rs140494697
TEPSIN	rs140494697
LINC02298	rs140494697
TMEM215	rs140494697
MICOS10P1	rs140494697
TSGA13	rs140494697
MSTO2P	rs140494697
RANBP17	rs140494697
TECR	rs140494697
CXCR6	rs140494697
NT5M	rs140494697
MIR5190	rs140494697
OR2AE1	rs140494697
KAT2A	rs140494697
TP53I3	rs140494697
CCDC173	rs140494697
C1orf127	rs140494697
JOSD1	rs140494697
LINC02136	rs140494697
LINC01101	rs140494697
LINC00392	rs140494697
HSH2D	rs140494697
MIR7852	rs140494697
TEX26	rs140494697
APBB1IP	rs140494697
PRKG1	rs140494697
IFNA2	rs140494697
PSMD11	rs57968892
MRGPRG	rs57968892
ASB13	rs57968892
MON1A	rs57968892
MAPK10-AS1	rs57968892
LOC101929536	rs57968892
ASB7	rs57968892
TEKT5	rs57968892
CYP3A4	rs57968892
LOC102467081	rs57968892
MFSD14A	rs57968892
SCARNA14	rs57968892
PAG1	rs57968892
LOC101929626	rs57968892
ACY3	rs57968892
PLK3	rs57968892
PRSS35	rs57968892
MIR4534	rs57968892
PTPN7	rs57968892
ULBP1	rs57968892
KIF27	rs57968892
HCG4B	rs57968892
SNORD143	rs57968892
SUMO3	rs57968892
TRIP11	rs57968892
LTA4H	rs57968892
NCAM1-AS1	rs57968892
ABCG1	rs57968892
SPINK4	rs57968892
PDZK1	rs57968892
RIN1	rs146699004
CELF1	rs146699004
TBX5	rs146699004
LOC101930094	rs146699004
PLD6	rs146699004
MRPS18A	rs150537328
DEPDC1B	rs150537328
AMDHD1	rs150537328
SNORA70D	rs150537328
FRY	rs150537328
TFPT	rs150537328
ZNF844	rs150537328
MRPL23-AS1	rs150537328
DNAJC27	rs150537328
SMCR5	rs150537328
PTCHD3	rs150537328
PRR23B	rs150537328
MRPS22	rs150537328
ZNF703	rs150537328
DHX38	rs150537328
MIR29B2CHG	rs150537328
LINC01621	rs150537328
PPP2R2A	rs150537328
SLC46A2	rs150537328
LINC02655	rs150537328
TEC	rs150537328
C10orf82	rs150537328
RGPD5	rs150537328
SATB1	rs150537328
NME6	rs150537328
TOR1A	rs150537328
LOC105378146	rs150537328
GRK5	rs150537328
METAP2	rs150537328
FCGR1B	rs150537328
LOC100130207	rs150537328
SNORA20	rs150537328
UNC45A	rs150537328
CTTNBP2NL	rs150537328
SCARNA18	rs150537328
MIR6780B	rs150537328
MT4	rs150537328
ERCC1	rs150537328
DCST1-AS1	rs150537328
MOG	rs150537328
LOC101928804	rs150537328
LDHAL6A	rs150537328
APOC1	rs150537328
CALCOCO2	rs150537328
DCTN6	rs150537328
MYRF-AS1	rs150537328
H2BC20P	rs150537328
ERLNC1	rs150537328
SLC25A44	rs150537328
MIR1908	rs150537328
CYP4F12	rs150537328
TCAF2	rs150537328
RFPL1S	rs150537328
ACTG1	rs150537328
MRPS18C	rs150537328
MIPEP	rs150537328
OR12D1	rs150537328
LINC01108	rs150537328
TAS1R2	rs150537328
B4GALT1-AS1	rs150537328
ZNF213	rs150537328
NFATC2	rs150537328
DGCR10	rs150537328
C4BPB	rs150537328
ADGRG1	rs150537328
RHBDD2	rs150537328
TLE5	rs150537328
LINC02108	rs150537328
LOC105375423	rs150537328
CPVL	rs151329939
IFNA22P	rs151329939
PSME3	rs151329939
LINC00469	rs151329939
ZC2HC1A	rs151329939
TH2LCRR	rs151329939
CCDC170	rs151329939
H3C3	rs151329939
COL9A2	rs151329939
KLHDC4	rs151329939
FAM107B	rs151329939
CDR2L	rs151329939
CD3EAP	rs151329939
BAHCC1	rs151329939
BBOX1-AS1	rs151329939
NFIB	rs151329939
RBM6	rs151329939
HMGCS2	rs151329939
C17orf113	rs151329939
ITGB3	rs151329939
TTC8	rs151329939
SLC4A1	rs151329939
MIR642B	rs151329939
ZNF69	rs151329939
KCNN1	rs151329939
BICRAL	rs151329939
MIR887	rs151329939
LOC102724467	rs151329939
PRPSAP1	rs151329939
LYRM4-AS1	rs151329939
NDUFB8	rs151329939
ARHGAP25	rs151329939
EXOC1L	rs2532263
ADD2	rs2532263
INTS5	rs2532263
ZNF397	rs2532263
VASH1-AS1	rs2532263
LINC01615	rs2532263
UTS2R	rs2532263
SEC61G	rs2787486
OVOL1	rs2787486
SNORD62A	rs2787486
LINC02875	rs2787486
PIK3R2	rs2787486
OR10S1	rs2787486
TOE1	rs2787486
APOBEC3H	rs2787486
ZNF821	rs2787486
HHEX	rs2787486
IL3	rs2787486
MAP1LC3C	rs2787486
GOLT1A	rs2787486
FAM230F	rs2787486
PAFAH1B1	rs2787486
SLC16A3	rs2787486
EFTUD2	rs2787486
AP4E1	rs2787486
EFCAB11	rs2787486
H1-5	rs61495451
AMT	rs61495451
AQP3	rs61495451
TBXT	rs61495451
FGL1	rs61495451
LSM7	rs61495451
SMC3	rs61495451
CES1P2	rs61495451
PSG3	rs61495451
ADAMTSL4-AS1	rs61495451
C16orf96	rs61495451
GMNC	rs61495451
LMNB2	rs61495451
SNORD91B	rs61495451
CTD-3080P12.3	rs61495451
GNMT	rs11652463
SPI1	rs11652463
SHBG	rs11652463
FOXC2-AS1	rs11652463
CRISPLD1	rs11652463
OR2A42	rs11652463
GABARAP	rs11652463
SELENOP	rs11652463
GOLGA6C	rs11652463
MIR4449	rs11652463
TOMM40	rs11652463
STAU2	rs11652463
PLEK2	rs11652463
SMTN	rs11652463
PTPN5	rs11652463
NDUFB2	rs11652463
ALS2	rs11652463
MIR4740	rs11652463
MIF4GD	rs11652463
BAZ2B	rs11652463
REG4	rs11652463
MIR6830	rs11652463
CRTAM	rs11652463
COX15	rs11652463
ZAR1L	rs11652463
USP4	rs11652463
SCGB1D2	rs11652463
WARS2	rs11652463
MIR6803	rs11652463
ZNF441	rs11652463
LOC101927447	rs11652463
POLR2A	rs11652463
STAR	rs11652463
PROKR2	rs11652463
USP32P2	rs11652463
ACSL6	rs11652463
RAD9A	rs11652463
PON2	rs11652463
DALRD3	rs11652463
IFITM3	rs11652463
CDS1	rs11652463
MIR3663	rs11652463
ACTR3BP5	rs11652463
LINC01614	rs11652463
RAB35	rs11652463
KREMEN2	rs11652463
ASB16	rs11652463
KLF16	rs11652463
MIR4309	rs11652463
SLC16A13	rs11652463
GNPDA1	rs11652463
ERMP1	rs11652463
ZNF608	rs62084913
LINC01741	rs62084913
FASN	rs62084913
MUS81	rs62084913
METRNL	rs62084913
MIR557	rs62084913
MIR5094	rs62084913
MIR1255B1	rs62084913
TGM2	rs62084913
LOC105371814	rs62084913
PTGER1	rs62084913
MIR1250	rs62084913
ZNF682	rs62084913
MAP3K14-AS1	rs62084913
TMEM267	rs62084913
ARHGEF35	rs62084913
ESS2	rs62084913
ASGR2	rs62084913
LOC102546229	rs62084913
HIC1	rs62084913
VSTM2A	rs62084913
FAM83G	rs62084913
KCNQ4	rs62084913
NBEAL2	rs62084913
PAG1	rs62084913
MPZL2	rs62084913
LINC01015	rs62084913
LINC02160	rs62084913
ZNF200	rs62084913
CKS1B	rs62084913
BBOX1-AS1	rs62084913
PON1	rs62084913
YWHAQ	rs62084913
VASH1-AS1	rs62084913
PDE9A	rs62084913
EIF4EBP1	rs62084913
SERHL2	rs62084913
CUEDC2	rs62084913
MIR3692	rs62084913
KLHL29	rs62084913
KLF12	rs62084913
FH	rs62084913
PDLIM2	rs62084913
SLC45A1	rs62084913
CCDC92B	rs62084913
MIR555	rs62084913
SEC14L1	rs62084913
POLR2G	rs62084913
TARS1	rs62084913
SNORD114-6	rs62084913
LOC100506858	rs62084913
LINC00624	rs62084913
RNF183	rs62084913
RBM17	rs62084913
PLK2	rs62084913
RIN2	rs62084913
LOC101929550	rs62084913
SHBG	rs8082452
CSF2RB	rs8082452
PRKAB1	rs8082452
UBASH3A	rs8082452
MRGPRG	rs8082452
ATAD2	rs8082452
SMYD4	rs8082452
C6orf47	rs8082452
NUP50	rs8082452
GAB1	rs8082452
MIR378E	rs8082452
RPS9	rs8082452
MANBA	rs8082452
LOC101929315	rs8082452
LINC02209	rs8082452
TTYH1	rs8082452
BAG6	rs8082452
COLGALT1	rs8082452
FBXL13	rs8082452
AKIP1	rs8082452
PRICKLE2	rs8082452
USP44	rs8082452
PRDM12	rs8082452
TSGA13	rs8082452
AMPD3	rs8082452
UQCRC1	rs8082452
ANXA2P3	rs8082452
LINC02068	rs8082452
DLGAP2	rs8082452
PRCC	rs8082452
ORAI2	rs8082452
RASAL2-AS1	rs8082452
PITPNA	rs8082452
ATXN1L	rs8082452
EXO1	rs8082452
SLC25A29	rs8082452
CD82	rs8082452
LINC01556	rs8082452
LINC02861	rs8074440
OGN	rs8074440
AKNA	rs8074440
C15orf39	rs8074440
LOC100130264	rs8074440
LOC105379331	rs8074440
KCNMB2	rs8074440
CDK5RAP3	rs8074440
LOC103344931	rs8074440
PLEKHH3	rs8074440
RAB19	rs111780165
TMEM262	rs111780165
MCCD1	rs111780165
MIF4GD	rs111780165
H4-16	rs111780165
TRAPPC6A	rs111780165
LOC101929705	rs111780165
FAM72B	rs111780165
ADRB2	rs111780165
TRAPPC1	rs7223535
ADCK2	rs7223535
PDAP1	rs138672638
CFAP221	rs138672638
CCAR2	rs138672638
SNORD31B	rs138672638
PDCD11	rs138672638
NRXN3	rs138672638
SCN3B	rs138672638
LOC108783645	rs138672638
LRRC41	rs138672638
CDH12	rs138672638
SNORD18B	rs138672638
BCL2	rs138672638
LOC101928343	rs138672638
ZSCAN16	rs138672638
REXO2	rs138672638
LRRC28	rs138672638
TNFSF18	rs138672638
RPS6KA2-IT1	rs138672638
SNRPE	rs138672638
ATF4	rs138672638
EXOC7	rs138672638
LOC613206	rs138672638
RNASEH2B	rs138672638
PTPRE	rs138672638
LINC02493	rs138672638
LINC01395	rs138672638
MIR1253	rs138672638
OR2A1-AS1	rs138672638
JUND	rs138672638
CCDC57	rs138672638
UBL7-AS1	rs138672638
LINC00637	rs4763
GATA3-AS1	rs4763
POLD4	rs4763
AKT1	rs4763
FAM78A	rs4763
XLOC_009911	rs4763
LOC101928737	rs4763
BATF	rs4763
GLIS2-AS1	rs4763
TOR1B	rs4763
TMPRSS9	rs4763
JAML	rs4763
KLC1	rs4763
RCC1L	rs4763
PRSS44P	rs4763
ALOX12	rs4763
G6PC3	rs4763
NKAPL	rs4763
BMP5	rs62061734
LOC100506497	rs62061734
SUZ12P1	rs62061734
PHF11	rs62061734
MIR4794	rs62061734
LOC105375304	rs62061734
LOC101927051	rs62061734
ZHX2	rs62061734
SLC24A4	rs62061734
IFIT5	rs62061734
PAM16	rs62061734
DYNLL1	rs62061734
CCNB1	rs62061734
FCGR1B	rs62061734
C7orf31	rs2732699
OR2H2	rs2732699
MRPS33	rs2732699
NCF1	rs199498
PTPN21	rs199498
LINC00379	rs199498
ROR1-AS1	rs199498
COMP	rs199498
B3GNT3	rs199498
GAB1	rs199498
BHMG1	rs199498
MIR10226	rs199498
COX6C	rs199498
BLOC1S2	rs199498
SSH3	rs199498
DNM3	rs199498
ETV3L	rs199498
HFM1	rs199498
MIR488	rs199498
SNAI2	rs199498
PRR15L	rs199498
FRYL	rs199498
NIT2	rs199498
EPB41L5	rs199498
C6orf226	rs199498
VPS33B-DT	rs199498
YWHAQ	rs199498
MAPKAPK2	rs199498
TBKBP1	rs199498
CCR10	rs199498
SLC16A3	rs199498
RBMS3	rs199498
LOC105373044	rs199498
PDCD4	rs199498
AGBL4-AS1	rs199498
COL7A1	rs199498
SNORD158	rs199498
LINC01101	rs199498
PSG5	rs199498
TRAP1	rs199498
C15orf61	rs199498
CNP	rs199498
MIR1203	rs199498
SEMA4B	rs199498
FSTL4	rs199498
PLOD3	rs11655740
NPTX2	rs11655740
MIR4766	rs11655740
THOC7	rs11655740
MRPL18	rs11655740
HENMT1	rs11655740
FAAH	rs745570
ROGDI	rs745570
PPP1R13L	rs745570
STEAP3	rs745570
SLC5A10	rs745570
ZNF521	rs745570
MIR195	rs745570
MTA2	rs745570
ANKLE1	rs745570
LOC101929413	rs745570
LOC101927179	rs745570
STRIP1	rs745570
SNORA80E	rs745570
RSPH1	rs745570
LOC105379152	rs745570
TMEM150B	rs745570
H3C14	rs745570
FAM228A	rs745570
ZNF101	rs745570
MIR6780B	rs745570
MIR5582	rs745570
PPP3CC	rs745570
SMG5	rs745570
FAM106A	rs745570
DNASE1	rs745570
IGSF22	rs745570
CRLS1	rs745570
LSP1P5	rs745570
SEPTIN10	rs745570
LINC01526	rs745570
SNORD114-4	rs745570
SPARCL1	rs745570
RGS10	rs745570
MIR125B2	rs745570
SNORD3C	rs745570
RNASEK-C17orf49	rs745570
LDB2	rs745570
FAM83A	rs8081187
MYOG	rs8081187
LRRC14B	rs8081187
SHTN1	rs72826962
NUDT17	rs72826962
DEPTOR	rs72826962
RIC1	rs36059695
MIR563	rs58685532
FTHL17	rs58685532
RPL4	rs58685532
TENT5C	rs58685532
NOL8	rs58685532
KCNMA1	rs58685532
PROKR1	rs58685532
LOC101927178	rs58685532
RIT1	rs58685532
KCNJ2	rs58685532
CYP3A4	rs58685532
SCARF1	rs58685532
C14orf180	rs58685532
DPM1	rs58685532
VHLL	rs58685532
B4GALNT4	rs58685532
INSM1	rs58685532
CWH43	rs58685532
SNORD114-21	rs58685532
FAM136A	rs58685532
LOC79999	rs58685532
RPS6KB2	rs58685532
APBB1IP	rs58685532
LINC00410	rs58685532
SNTG1	rs12962334
IFNA4	rs12962334
SNORD46	rs12962334
PER1	rs12962334
CD2	rs12962334
PRCD	rs12962334
GLDC	rs12962334
ZHX1-C8orf76	rs12962334
MIR6745	rs9675999
LINC02655	rs9675999
AOX3P-AOX2P	rs9675999
LINC00466	rs9675999
ZNF655	rs9675999
PPIL4	rs117618124
LSM4	rs117618124
NPTN-IT1	rs6507583
HSP90AA1	rs6507583
LGR4	rs6507583
RGS7	rs6507583
GABARAPL3	rs6507583
BAIAP2L1	rs6507583
PDE4D	rs6507583
RNPEP	rs6507583
IP6K1	rs6507583
FXYD2	rs6507583
SAMD3	rs6507583
PNPLA5	rs6507583
RAB44	rs6507583
ATP5MD	rs6507583
MIR3915	rs9952980
CDADC1	rs9952980
C15orf41	rs9952980
SNORD114-26	rs9952980
DSCAS	rs9952980
AIF1	rs2045438
TRIM10	rs2045438
LRRC3B	rs2045438
SCARNA18	rs2045438
SMIM14	rs2045438
LOC101930071	rs2045438
CHMP5	rs2045438
MIR1231	rs2045438
PLXNA2	rs2045438
REXO1	rs2045438
PIK3CB	rs2045438
CDR2L	rs2045438
TTYH2	rs17080623
MRPL34	rs17080623
GP1BB	rs17080623
TMEM86A	rs17080623
MIR4321	rs7240205
LGMN	rs9959491
HOXB9	rs9959491
OR10G9	rs9959491
LBX1	rs9959491
BEND7	rs9959491
ZC3H15	rs191218575
SNORA36C	rs191218575
OR6X1	rs191218575
LINC00910	rs191218575
TMEM120A	rs191218575
ZBTB44	rs191218575
ANKRD54	rs191218575
NTNG1	rs191218575
RLN1	rs191218575
SLFNL1-AS1	rs191218575
WDR25	rs191218575
LINC02544	rs4940575
FGF7	rs73487618
LINC01622	rs72942597
ANO3	rs72942597
PIGH	rs72942597
RBP7	rs72942597
EMP2	rs9954058
SS18	rs7249698
ARHGAP32	rs7249698
MAPRE2	rs7249698
KLHDC8B	rs7249698
MIR3675	rs7249698
TMX1	rs7249698
ELDR	rs7249698
GPSM2	rs7249698
CACUL1	rs7249698
YME1L1	rs7249698
MAS1	rs7249698
NET1	rs7249698
FCMR	rs7249698
PHB	rs7249698
WRAP53	rs7249698
XCL1	rs7249698
PRRT1B	rs7249698
SNRNP48	rs7249698
MYO3B-AS1	rs7249698
FAM71E2	rs7249698
CDNF	rs7249698
C15orf61	rs7249698
MIR3714	rs7249698
PNPO	rs3815308
MIR935	rs3815308
MIR6515	rs3815308
MIR197	rs3815308
MON1A	rs3815308
UBALD2	rs3815308
FGFR1OP2	rs3815308
PLD4	rs3815308
MIR4313	rs3815308
SNRPE	rs3815308
LINC00934	rs3815308
TVP23B	rs3815308
ARPC5L	rs3815308
FRMD6	rs3815308
TOMM7	rs3815308
OTOP3	rs3815308
PA2G4P4	rs3815308
ATP6V1B2	rs3815308
INSYN2B	rs3815308
PLPP4	rs3815308
LINC02317	rs3815308
GAB1	rs3815308
MIR4439	rs3815308
HMGN3	rs3815308
TAF2	rs3815308
ASGR2	rs3815308
TIMM17A	rs3815308
TRAPPC10	rs3815308
MIR6738	rs3815308
LOC643327	rs3815308
C16orf95	rs3815308
BTN3A1	rs3815308
BMP8B	rs3815308
NOA1	rs3815308
LRRC25	rs3815308
SERGEF	rs3815308
MIR5010	rs3815308
LAMTOR4	rs3815308
APOC2	rs3815308
CPVL	rs3815308
SPOP	rs3815308
CDIP1	rs3815308
CAMSAP2	rs3815308
LNCPRESS1	rs3815308
ERMAP	rs3815308
CHN2	rs3815308
TMEM53	rs3815308
EIF5A	rs3815308
LINC01028	rs3815308
SH3BP2	rs3815308
COX5A	rs3815308
SLC46A3	rs3815308
COQ5	rs3815308
FDPS	rs3815308
MPHOSPH6	rs3815308
NAA20	rs3815308
FXYD2	rs3815308
LINC02181	rs3815308
IL12B	rs3815308
MT1DP	rs3815308
CLK2	rs3815308
RERE-AS1	rs3815308
H2BC5	rs3815308
GIGYF1	rs3815308
LRRC73	rs3815308
LINC02585	rs3815308
LINC01674	rs3815308
GNGT1	rs3815308
PRR18	rs3815308
LINC02180	rs3815308
PIBF1	rs3815308
PLEK	rs3815308
CREBBP	rs3815308
BAG5	rs3815308
MST1	rs3815308
LINC02670	rs3815308
FAM184B	rs3815308
MIR3148	rs3815308
C11orf86	rs117758012
PLSCR3	rs117758012
TXNL4B	rs117758012
OR14J1	rs117758012
LINC02168	rs117758012
CADM2-AS2	rs117758012
PKNOX1	rs117758012
DIO3OS	rs117758012
GABBR1	rs117758012
MGAT4FP	rs117758012
VASN	rs117758012
NGFR	rs117758012
STRBP	rs117758012
NCF4	rs117758012
ITPK1	rs117758012
SPDYE6	rs117758012
COX15	rs117758012
OGFOD1	rs117758012
ARRDC2	rs117758012
AKR1A1	rs117758012
PLPBP	rs117758012
PIH1D2	rs117758012
ZNF155	rs117758012
DBI	rs117758012
C4orf36	rs117758012
ALYREF	rs117758012
MIR6771	rs117758012
OR2H1	rs117758012
KLC3	rs117758012
MYL9	rs117758012
UBLCP1	rs117758012
PRSS46P	rs117758012
RBP1	rs117758012
LOC105373051	rs117758012
PPFIBP1	rs117758012
SNORD84	rs117758012
LDHC	rs117758012
BNIP5	rs117758012
CCDC137	rs117758012
LAIR1	rs117758012
SLC35A3	rs117758012
PHGDH	rs117758012
CDCA5	rs117758012
PSME3IP1	rs117758012
LINC01541	rs117758012
SNHG27	rs4594370
ALKBH1	rs4594370
ACTL6B	rs4594370
PSMD11	rs4594370
MIR3925	rs4594370
MIR7108	rs4594370
IFNA8	rs4594370
ZHX1	rs4594370
NNMT	rs4594370
LINC02225	rs4594370
MAFG-DT	rs4594370
LOC103344931	rs4594370
BUD13	rs4594370
MEPE	rs4594370
VCAN	rs4594370
WNK4	rs4594370
LINC01694	rs4594370
BBOX1	rs4594370
FAM230A	rs4594370
PTH1R	rs4594370
RILP	rs4594370
CNOT7	rs4594370
WNK2	rs4594370
RBM24	rs4594370
HEY1	rs4594370
LINC00506	rs4594370
HMBOX1	rs4594370
SAMD12-AS1	rs4594370
ULBP1	rs4594370
MARK4	rs4594370
NFAM1	rs4594370
MTFP1	rs4594370
FREM1	rs4594370
GATAD2A	rs4594370
FASLG	rs4594370
KLF12	rs4594370
GJA1	rs4594370
LRP11	rs4594370
CUEDC1	rs4594370
SCARNA27	rs4594370
GSTP1	rs4594370
JHY	rs4594370
NKX1-1	rs4594370
CHD1L	rs4594370
LINC00693	rs172032
ALOX12P2	rs172032
RGS22	rs172032
MIR3139	rs172032
SLC39A14	rs172032
UNC93B1	rs172032
ELOC	rs172032
OR2A1	rs172032
UBE2QL1	rs172032
LOC100270746	rs172032
ARHGAP24	rs172032
SHANK2	rs172032
TTC17	rs172032
PLET1	rs172032
NIBAN3	rs172032
FAM133B	rs172032
CYP4F24P	rs72396995
LINC01187	rs72396995
LMNA	rs72396995
RGS3	rs72396995
ARHGEF37	rs72396995
CA6	rs72396995
LOC285804	rs72396995
TMEM237	rs72396995
IL10	rs72396995
INO80C	rs72396995
LINC00423	rs72396995
SUMO3	rs72396995
MIR6764	rs72396995
PXT1	rs72396995
PSMB7	rs72396995
SAAL1	rs72396995
PSG1	rs72396995
MIR6814	rs72396995
MIR765	rs72396995
HAND2	rs72396995
H4C8	rs66849333
SS18	rs66849333
TASOR2	rs66849333
CDC7	rs66849333
PLEKHM1	rs66849333
KRTAP10-1	rs66849333
COG4	rs66849333
CCDC60	rs66849333
PSG6	rs66849333
GSDME	rs66849333
RIOK1	rs66849333
OTOG	rs66849333
RTKN2	rs66849333
NPAS4	rs66849333
CPN1	rs66849333
LRRC37B	rs66849333
WDR93	rs66849333
AP4M1	rs66849333
DAGLA	rs66849333
NLRP12	rs66849333
DGCR8	rs66849333
MIR4424	rs66849333
MIR550A3	rs66849333
NUBPL	rs66849333
RHOC	rs66849333
TMEM266	rs66849333
PHETA2	rs66849333
GEMIN5	rs66849333
GPATCH2L	rs66849333
UNK	rs66849333
CLDN1	rs66849333
BCL6B	rs66849333
ATP8B2	rs375066
MAN2C1	rs375066
CADM2-AS2	rs375066
MN1	rs375066
LIAS	rs375066
HSP90AB1	rs375066
HMGCR	rs375066
COLCA1	rs375066
LINC02626	rs375066
DRG2	rs375066
POLA2	rs375066
METAP2	rs375066
FAM72C	rs375066
PRSS45P	rs375066
MTHFSD	rs375066
PTHLH	rs375066
DNAJB7	rs375066
LSM1	rs375066
SRRT	rs375066
TMEM183A	rs375066
RN7SL832P	rs375066
MIR433	rs375066
BORCS8	rs375066
NMNAT3	rs375066
LIN54	rs375066
EIF4A1	rs375066
GCNT4	rs375066
POLR3GL	rs375066
LOC102724532	rs375066
PNMA2	rs375066
JOSD1	rs375066
B4GALT1-AS1	rs375066
FALEC	rs375066
LINC02181	rs375066
LOC100996351	rs375066
OR10G7	rs375066
RNF182	rs375066
MIR563	rs71338792
MAL2-AS1	rs71338792
PKIA-AS1	rs71338792
LLGL1	rs71338792
SNORD62A	rs71338792
C16orf71	rs71338792
PRR34-AS1	rs71338792
SRI	rs71338792
TGFB3	rs71338792
POLK	rs71338792
ZDHHC6	rs71338792
MPRIP	rs71338792
AGPAT4	rs71338792
MIR7108	rs71338792
MIR665	rs71338792
GPX6	rs71338792
RPS9	rs71338792
LINC00917	rs71338792
LINC02127	rs71338792
LINC01375	rs71338792
CTC1	rs71338792
SLIRP	rs71338792
TBC1D10A	rs71338792
LOC648987	rs71338792
ABCA1	rs71338792
LRRC2	rs71338792
PDGFB	rs71338792
MIR4311	rs71338792
ZNF579	rs71338792
ZNF226	rs71338792
RTL6	rs71338792
SAA2	rs71338792
CENPO	rs71338792
LOC441086	rs71338792
METAP2	rs71338792
KRT17P5	rs71338792
LINC01333	rs71338792
MIR3606	rs71338792
LOC400622	rs71338792
SLC39A8	rs71338792
POP7	rs71338792
LINC02605	rs71338792
TNFSF13	rs71338792
GINM1	rs71338792
FILIP1L	rs71338792
KCNQ1-AS1	rs71338792
KLF3-AS1	rs71338792
PGPEP1L	rs71338792
ABCG2	rs71338792
MIR378A	rs71338792
CYB5R4	rs71338792
BMP2	rs71338792
LY6G5C	rs71338792
LINC02762	rs71338792
RPLP2	rs71338792
MT1JP	rs71338792
POLR1C	rs71338792
ZNF408	rs71338792
KDM2A	rs71338792
H2AC14	rs71338792
ZNF112	rs71338792
SLC26A5	rs71338792
MIR6764	rs71338792
ZNF706	rs71338792
ANXA4	rs71338792
TAB2-AS1	rs71338792
LOC102723701	rs71338792
LOC101927839	rs71338792
TTBK1	rs71338792
ADGRE2	rs71338792
SMIM18	rs71338792
HEXIM2	rs71338792
PDIA3P1	rs71338792
TP53	rs71338792
FOXA1	rs71338792
CBX1	rs71338792
PSG10P	rs1172821
BCL11A	rs1172821
MIR214	rs1172821
UHRF2	rs1172821
B4GAT1	rs1172821
RASSF2	rs1172821
SLC40A1	rs1172821
LOC101927636	rs1172821
TMEM101	rs1172821
ELP6	rs1172821
SBK3	rs1172821
REST	rs1172821
TNNI3	rs1172821
ZNF14	rs1172821
LOC284865	rs1172821
MIR20A	rs1172821
MMACHC	rs1172821
PRR23C	rs1172821
ASS1	rs1172821
MAP2K5	rs1172821
MST1L	rs1172821
ZNF576	rs1172821
MIR2117	rs1172821
REEP4	rs1172821
LOC105274304	rs1172821
OGFOD3	rs1172821
SNORD31B	rs1172821
ANKRD16	rs1172821
RALB	rs1172821
MKX-AS1	rs1172821
C7orf61	rs1172821
EP300	rs1172821
HOXB-AS3	rs1172821
PPP2R5D	rs1172821
MOB2	rs1172821
SNORD114-22	rs1172821
LOC102724357	rs1172821
LOC101929523	rs1172821
MIR3160-2	rs1172821
SNORA38	rs1172821
CHID1	rs1172821
GNRH1	rs1172821
FGF4	rs1172821
SLBP	rs1172821
PANDAR	rs1172821
TNFSF10	rs1172821
CYP2D6	rs1172821
ACTR1A	rs1172821
LOC101928120	rs1172821
MKLN1	rs1172821
ARHGDIB	rs1172821
SNHG27	rs1172821
CCDC51	rs1172821
PHTF1	rs1172821
OR2F1	rs1172821
GRIN2B	rs1172821
PRKCQ-AS1	rs1172821
INSYN1-AS1	rs1172821
TSPAN4	rs1172821
PFDN4	rs1172821
PECR	rs1172821
HSPBP1	rs1172821
IFNA5	rs1172821
ASGR1	rs1172821
PDE4C	rs1172821
NT5C1B	rs1172821
AASDH	rs1172821
HSD17B2	rs1172821
LINC02278	rs1172821
CCDC106	rs1172821
OR13C2	rs1172821
SFXN2	rs1172821
NEURL1-AS1	rs1172821
SNORA57	rs1172821
ZFHX3	rs1172821
SLC16A1	rs1172821
LOC105379331	rs1172821
LINC00607	rs1172821
DDX39A	rs1172821
SNORD3B-1	rs1172821
SEH1L	rs1172821
LOC644656	rs1172821
SLC43A2	rs1172821
CHML	rs1172821
TMEM161A	rs1172821
SNORD3K	rs1172821
HEYL	rs1172821
CPNE2	rs1172821
EPHB4	rs1172821
MIR4432HG	rs1172821
OSBPL1A	rs1172821
OR10G9	rs1172821
IL32	rs1172821
CLDN19	rs1172821
FBXO42	rs1172821
ZNF865	rs1172821
LOC101929439	rs1172821
LOC100505918	rs1172821
FIS1	rs1172821
ZNF596	rs1172821
BZW1-AS1	rs78269692
PITPNM1	rs78269692
SNORD131	rs78269692
SOST	rs78269692
IFITM4P	rs78269692
FOXD3-AS1	rs78269692
DGCR10	rs78269692
SCGB2A2	rs78269692
MIR17	rs78269692
WDR20	rs78269692
MPHOSPH6	rs78269692
NREP	rs78269692
MIR6780A	rs78269692
MCRIP1	rs111730030
STAG3L2	rs111730030
CITED4	rs111730030
CMTR2	rs111730030
SNORD30	rs111730030
STAG3L1	rs111730030
LINC02868	rs111730030
MPP3	rs2594714
PAN3-AS1	rs2594714
SFTPA1	rs2594714
FNDC1	rs2594714
FAM87A	rs2594714
EIF2B3	rs2594714
HEXIM1	rs2594714
MIR1915HG	rs2594714
SNORD114-7	rs2594714
OSCAR	rs2594714
RNU12	rs2594714
FOXO6	rs2594714
HORMAD1	rs2594714
TRPM2-AS	rs2594714
LINC00316	rs2594714
KLB	rs2594714
YWHAQ	rs2594714
CDC25A	rs2594714
NSMCE2	rs2594714
TVP23B	rs2594714
CNGA1	rs2594714
CD300E	rs2594714
TCAF1	rs2594714
RPLP0P2	rs2594714
SPEM1	rs2594714
HNF4G	rs2594714
BRSK2	rs2594714
LDLRAD4-AS1	rs67397200
COL18A1-AS2	rs67397200
IDH2-DT	rs67397200
LUCAT1	rs67397200
SLC40A1	rs67397200
MIR10A	rs67397200
AP1M1	rs67397200
KLHDC4	rs67397200
HLA-G	rs67397200
LOC105379152	rs67397200
IFNE	rs67397200
RNU4-1	rs67397200
PAIP1	rs67397200
TNFRSF13C	rs67397200
MIR381	rs67397200
CDC25A	rs67397200
LINC00921	rs67397200
ZNF131	rs67397200
KHDC4	rs67397200
MIR379	rs67397200
LOC101927870	rs67397200
PITPNA-AS1	rs67397200
PRR5	rs67397200
CDCA5	rs67397200
BTN2A3P	rs67397200
CYP4F3	rs7258465
TAF1L	rs7258465
HTR3A	rs7258465
LINC01618	rs7258465
HJV	rs7258465
TEKT5	rs7258465
VEPH1	rs7258465
NSFP1	rs7258465
HORMAD1	rs7258465
PHB	rs7258465
CTSD	rs7258465
RNPEP	rs7258465
GNB1L	rs7258465
BCL3	rs7258465
BECN1	rs7258465
BUB1	rs7258465
DGCR6	rs7258465
ACP2	rs7258465
ZSCAN25	rs7258465
YY1	rs7258465
RPLP0	rs7258465
PROK2	rs7258465
ZFP69	rs7258465
LRRC71	rs2965183
GMNC	rs2965183
CTBP1	rs2965183
TNFAIP8L3	rs2965183
SLC37A3	rs2965183
COL5A2	rs2965183
RNU1-3	rs2965183
ODC1-DT	rs2965183
LINC00380	rs2965183
ATG10	rs2965183
TBKBP1	rs2965183
F2RL3	rs2965183
SCIN	rs2965183
TANGO2	rs2965183
LOC339539	rs2965183
ERF	rs2965183
OGDHL	rs2965183
CCDC57	rs2965183
MESP2	rs2965183
C1QTNF9B	rs2965183
GDF15	rs2304098
POLK	rs2304098
CEP76	rs56069439
ARHGAP25	rs4808801
HSD17B7P2	rs1685191
SFTA2	rs1685191
LOC646762	rs1685191
RNASEH2B-AS1	rs1685191
LINC02753	rs6122906
CCNK	rs6122906
IGFN1	rs6122906
LOC102723831	rs6122906
OR2A1-AS1	rs6122906
LOC105373064	rs6122906
SEPTIN8	rs6122906
NYAP1	rs6122906
ZNF391	rs6122906
MIR3161	rs6122906
LINC00545	rs6122906
NDRG3	rs6122906
TFAP4	rs6122906
SDHAF2	rs6122906
ANKRD20A11P	rs1154723
MIR2276	rs1154723
SNORD114-5	rs1154723
PSMC3	rs1154723
ZNF625	rs1154723
LINC00489	rs1154723
DIXDC1	rs1154723
ATRIP-TREX1	rs1154723
GTF2I	rs1154723
PGAP4	rs1154723
LOC101928909	rs4814894
C1orf50	rs4814894
TNNT2	rs4814894
SNORD146	rs4814894
TAB2-AS1	rs4814894
TAF6L	rs4814894
SLC22A7	rs4814894
TTBK1	rs4814894
SAT2	rs4814894
CRACR2B	rs4814894
C3orf62	rs4814894
OR13C8	rs4814894
OR13C9	rs201177249
ATAD2	rs201177249
TSPAN32	rs201177249
COPS2	rs201177249
TNFRSF19	rs201177249
XRN1	rs201177249
KAT5	rs201177249
LOC100506497	rs201177249
CACUL1	rs201177249
NKX2-1	rs201177249
ABLIM3	rs201177249
CHUK	rs201177249
SRP19	rs201177249
NUDT17	rs201177249
LEKR1	rs201177249
LRRC37B	rs201177249
NBPF7	rs201177249
PSMA1	rs201177249
DMBX1	rs201177249
ZSCAN32	rs201177249
MIR381HG	rs201177249
ADAMTS8	rs201177249
SCARNA27	rs201177249
EXO1	rs201177249
C4orf51	rs201177249
RFPL1	rs201177249
USP46	rs201177249
HNRNPA2B1	rs201177249
PRORP	rs201177249
LINC02871	rs201177249
NBAT1	rs73077323
PPDPFL	rs73077323
MIR330	rs73077323
ZNF224	rs73077323
P4HB	rs73077323
PSD	rs73077323
ELOA3D	rs73077323
RPL13AP6	rs73077323
ITGB2	rs73077323
HS2ST1	rs73077323
PADI1	rs73077323
CTBP1-AS	rs73077323
MIR548V	rs73077323
SNORD114-24	rs16991615
OSBPL7	rs16991615
TRIM25	rs16991615
LINC02255	rs16991615
OCEL1	rs16991615
CLDN25	rs16991615
TNFRSF19	rs16991615
LOC101927429	rs16991615
SLC22A4	rs16991615
MIR151B	rs16991615
CTNNBIP1	rs12481286
CBLN2	rs12481286
IRAK1BP1	rs12481286
SCYL1	rs12481286
LNP1	rs12481286
ZNF101	rs375506010
ZASP	rs375506010
ZNF684	rs375506010
LOC105369332	rs375506010
C6orf201	rs375506010
CORO7	rs375506010
MFSD2B	rs11700530
EVL	rs11700530
PCYOX1	rs11700530
MIR548T	rs11700530
MARCHF11	rs11700530
CSPG4	rs11700530
ZNF131	rs11700530
MIR655	rs9808759
GZMA	rs9808759
OR7E37P	rs9808759
LMAN1L	rs9808759
PABPC4-AS1	rs9808759
APTX	rs9808759
MYO10	rs9808759
ZNF484	rs9808759
MTMR7	rs9808759
ARHGEF11	rs9808759
RNU1-2	rs9808759
INSYN1-AS1	rs9808759
TNF	rs9808759
FAM230G	rs9808759
TRIL	rs9808759
MIR497	rs9808759
KREMEN1	rs9808759
LINC01792	rs9808759
MIR3129	rs9808759
CYB5R3	rs9808759
LINC00260	rs9808759
FN1	rs9808759
ARHGAP24	rs9808759
MIR3614	rs9808759
UBALD1	rs9808759
RAB3C	rs9808759
SLC43A2	rs9808759
PABPC4	rs9808759
MSI1	rs9808759
TOP3A	rs9808759
B4GALNT2	rs9808759
LOC284865	rs9808759
IFNB1	rs9808759
SCN2B	rs9808759
BANK1	rs9808759
PSMC2	rs9808759
TRMT61A	rs9808759
SAMD12-AS1	rs9808759
ERVMER34-1	rs9808759
MIR338	rs9808759
TANC1	rs9808759
ENO1-AS1	rs9808759
HSPH1	rs9808759
LINC00327	rs9808759
DNM1P46	rs9808759
IFNW1	rs9808759
LOC441204	rs9808759
REP15	rs9808759
VAMP3	rs9808759
RD3L	rs9808759
ABRAXAS1	rs9808759
ECM1	rs9808759
MYCL	rs9808759
LOC284344	rs9808759
KCNMB2-AS1	rs9808759
CACNA1S	rs9808759
TVP23A	rs9808759
DEAF1	rs9808759
DIS3	rs9808759
ZNF189	rs7278690
C16orf95	rs7278690
LINC00428	rs117512673
SPINK2	rs117512673
ALS2	rs117512673
ZNF526	rs117512673
LOC105371566	rs117512673
TTC24	rs117512673
AUH	rs117512673
SPDYE3	rs117512673
NUP214	rs117512673
NKX6-1	rs117512673
IGF2BP1	rs142471995
NAGA	rs142471995
CIITA	rs142471995
TMEM102	rs142471995
TET2-AS1	rs142471995
MIR203A	rs142471995
CDC42EP1	rs142471995
CDC7	rs142471995
SHANK2-AS1	rs142471995
ARL8B	rs142471995
IFNA8	rs142471995
LOC101929538	rs142471995
PIK3R3	rs142471995
GMCL1	rs142471995
AFG3L2	rs142471995
CCDC200	rs142471995
C1QL1	rs142471995
NUP85	rs142471995
AP4B1	rs142471995
ZSCAN9	rs142471995
KLF2	rs142471995
TACC3	rs142471995
APEH	rs142471995
CORO7-PAM16	rs142471995
INSM1	rs142471995
ZFPL1	rs142471995
MIR496	rs142471995
PRR15	rs142471995
IFFO2	rs142471995
SLC7A2	rs142471995
LINC01124	rs142471995
EGFR-AS1	rs142471995
CD300E	rs142471995
GCAT	rs142471995
SNORD13J	rs142471995
DUSP5	rs142471995
TTC32	rs2822999
MIR199A2	rs2822999
DOK2	rs2822999
IFITM1	rs2403907
RELCH	rs34331122
LOC400627	rs34331122
MRPS18A	rs34331122
GPANK1	rs34331122
IFITM1	rs34331122
SNORA68	rs34331122
LRRC71	rs34331122
MTUS1	rs34331122
TUT1	rs34331122
SDAD1P1	rs34331122
SNX20	rs34331122
PKP1	rs34331122
ANTXR1	rs34331122
LTO1	rs34331122
FDXR	rs34331122
SMIM35	rs34331122
LRRC14B	rs34331122
TSC22D4	rs34331122
ATP5MF-PTCD1	rs34331122
GPC5	rs34331122
H2AC11	rs34331122
CSDC2	rs34331122
RAD21	rs34331122
ARID1B	rs34331122
NET1	rs34331122
ARNT	rs34331122
HHEX	rs34331122
RBM24	rs34331122
H1-1	rs34331122
SCN2B	rs34331122
ULBP1	rs34331122
LINC01037	rs34331122
NEAT1	rs34331122
LINC01412	rs34331122
MIR12131	rs34331122
WDR93	rs34331122
SPRY4-IT1	rs34331122
LINC02657	rs34331122
LOC100507156	rs34331122
SCD	rs34331122
RFPL1S	rs34331122
COPB2	rs34331122
ARMC10	rs34331122
GFRA1	rs34331122
OR13F1	rs34331122
LRRC45	rs34331122
CALR	rs34331122
LSM7	rs34331122
PTCRA	rs34331122
HIPK1-AS1	rs34331122
ZNF618	rs34331122
SETSIP	rs34331122
LINC01140	rs34331122
YY1	rs34331122
PTRHD1	rs34331122
PDXP	rs34331122
SNORD38A	rs34331122
LINC00460	rs45589338
SNORD114-19	rs45589338
IPP	rs45589338
PFKL	rs45589338
GNRH1	rs45589338
MRPL12	rs45589338
AOX1	rs45589338
KCNQ4	rs45589338
ETV3L	rs45589338
MIR197	rs45589338
MIR16-1	rs45589338
SLC22A2	rs45589338
LOC100288728	rs45589338
MTHFD1L	rs45589338
NDUFA13	rs45589338
GPX5	rs45589338
ZNF44	rs45589338
ACTN1	rs62237615
HOXB6	rs62237615
SYMPK	rs62237615
RALGPS2	rs62237615
TP53	rs62237615
KPNB1	rs185004002
MTVR2	rs185004002
RBPMS-AS1	rs185004002
CSNK1A1	rs185004002
TRERF1	rs187201341
MIR7-1	rs187201341
LYPD3	rs187201341
FRMD6-AS1	rs187201341
SNX24	rs187201341
MIR4757	rs187201341
IFNA22P	rs187201341
CLK1	rs187201341
MIR4691	rs187201341
PRXL2A	rs187201341
SNORD29	rs187201341
TOMM22	rs187201341
SLC2A1	rs187201341
SCN4B	rs187201341
PDE4D	rs187201341
LOC100132078	rs187201341
NMT1	rs187201341
LINC01239	rs187201341
B4GALNT2	rs187201341
CTAGE10P	rs187201341
SNHG1	rs187201341
PPP1R13B	rs187201341
LINC02570	rs187201341
GOT1L1	rs187201341
CALR3	rs187201341
RNU6-7	rs187201341
HSP90AA1	rs187201341
LINC02554	rs187201341
CLCC1	rs187201341
SLC24A4	rs187201341
NDUFS8	rs187201341
RPL13AP6	rs187201341
LINC00443	rs187201341
MIR4682	rs187201341
PMF1-BGLAP	rs738321
PER1	rs738321
EDN2	rs738321
VASN	rs738321
ACTN1-AS1	rs738321
SCN3B	rs738321
TRAPPC10	rs738321
ATMIN	rs738321
TCAF2P1	rs738321
TAF3	rs738321
EXOC1L	rs738321
TOX3	rs738321
NKX2-1	rs738321
HIRA	rs738321
CATSPERB	rs738321
SNORD3F	rs738321
SNAPC5	rs738321
GNA11	rs738321
XCL1	rs738321
NME9	rs738321
EFTUD2	rs738321
UBTF	rs738321
CEP44	rs738321
CPSF2	rs738321
MIR4435-2	rs738321
ZBTB3	rs738321
LINC00626	rs738321
PRORP	rs738321
RAI1	rs738321
BTN3A3	rs62237039
PXN	rs62237039
ZNF57	rs62237039
FASLG	rs62237039
MIR214	rs28599928
RBPMS-AS1	rs28599928
TMBIM7P	rs28599928
FTO-IT1	rs28599928
MLIP-AS1	rs28599928
MIR196A1	rs28599928
SNORD111B	rs28599928
TUBG2	rs28599928
PTPN23	rs28599928
EFNA3	rs28599928
NCF4-AS1	rs28599928
NDST1	rs28599928
KAT2A	rs28599928
RNASEH2B	rs28599928
TMEM256-PLSCR3	rs28599928
PGM3	rs28599928
C16orf46	rs28599928
SWAP70	rs28599928
UBL7-AS1	rs28599928
PARP8	rs201681753
MAN2C1	rs201681753
LOC101929882	rs201681753
GEN1	rs201681753
NIPSNAP3B	rs201681753
LINC01615	rs201681753
C3orf84	rs201681753
RNF17	rs201681753
TMEM238	rs201681753
NFIX	rs201681753
NME7	rs201681753
CTD-3080P12.3	rs201681753
LOC105374344	rs201681753
MIR4713HG	rs201681753
L3MBTL2	rs201681753
AP5B1	rs201681753
GALNT7	rs28512361
FAM155A	rs28512361
CYP51A1	rs28512361
LOC105378052	rs28512361
LINC02188	rs28512361
TENT5C	rs28512361
SKAP1	rs28512361
TPTEP2	rs28512361
NIPAL2	rs28512361
PLGRKT	rs28512361
THEGL	rs28512361
C11orf21	rs28512361
TECPR1	rs28512361
LOC100507464	rs28512361
SNORD3K	rs28512361
OR2A14	rs28512361
KLF17	rs28512361
MIR4512	rs28512361
CEP120	rs28512361
TMEM183A	rs28512361
LINC02323	rs28512361
PPP3CC	rs28512361
SPRY4-IT1	rs28512361
NDUFAF3	rs28512361
SNORD46	rs28512361
PGAP4	rs28512361
FH	rs28512361
NCR1	rs28512361
PINLYP	rs28512361
MIR2117	rs28512361
PTPRD-AS1	rs28512361
KRT19P2	rs28512361
LINC01151	rs28512361
ARL8A	rs28512361
INSYN2B	rs28512361
USP19	rs62237573
GSTM4	rs132289
ATP5F1D	rs132289
CARMIL1	rs132289
GRAPL	rs183421746
SLC12A3	rs140091
MVB12A	rs140091
LINC01311	rs140091
OSR2	rs140091
GUCY2GP	rs140091
H1-4	rs140091
MT1G	rs140091
SF3B3	rs140091
BRPF3	rs140091
RSBN1	rs188460188
CATSPER1	rs188460188
PRXL2A	rs188460188
MUC12-AS1	rs139059349
MT1M	rs139059349
TRIM31	rs139059349
SBK3	rs139059349
IQGAP3	rs4820318
KCTD18	rs4820318
SGTA	rs4820318
FGD6	rs4820318
MIR3142HG	rs4820318
RHCG	rs4820318
CYP3A43	rs4820318
KNCN	rs4820318
MTUS2	rs4820318
SEC23A	rs4820318
SFTPA2	rs4820318
TSPAN32	rs4820318
GOLT1A	rs4820318
TRPM5	rs4820318
LINC00566	rs4820318
LRRC3	rs9619765
LOC105370687	rs9619765
SNORD1B	rs9619765
SNORD18C	rs9619765
MIR17	rs9619765
OCLN	rs9619765
MIR6824	rs9619765
UGDH-AS1	rs9619765
HSPA12A	rs9619765
HCFC1R1	rs9619765
MAN1A2	rs9619765
KLF5	rs9619765
AATK	rs9619765
MIR3199-2	rs9619765
LINC00595	rs9619765
LINC01654	rs9619765
PCBP1-AS1	rs9619765
FBXO33	rs9619765
IRGQ	rs9619765
H2BC6	rs9619765
TMEM185B	rs9619765
MIR548F5	rs9619765
ZNF230	rs9619765
ZSWIM4	rs9619765
CCDC172	rs9619765
FOXI2	rs9619765
DNAI2	rs9619765
C11orf1	rs9619765
FBXL4	rs12483853
MIR3160-1	rs12483853
MANBA	rs12483853
LINC01012	rs12483853
RPL3	rs12483853
ARHGAP24	rs12483853
FAM50B	rs12483853
NAV2-AS5	rs12483853
SRGAP2-AS1	rs12483853
SNORD113-5	rs12483853
SLC9B2	rs12483853
AAGAB	rs12483853
ZNF23	rs12483853
RPS10P7	rs12483853
LOC729291	rs12483853
AARSD1	rs12483853
RPLP0P2	rs12483853
ZNF442	rs12483853
EXOSC10	rs12483853
TTC28-AS1	rs6001930
RAB44	rs6001930
MIR6802	rs6001930
CLK1	rs6001930
ZNF682	rs73176670
CNFN	rs73176670
TMEM190	rs117078955
LRP5	rs117078955
MIR4262	rs117078955
LOC102724378	rs73161324
SECTM1	rs73161324
ZNF704	rs73161324
ATP6AP1L	rs73161324
ARRDC2	rs73161324
SLC6A4	rs73161324
CLK1	rs73161324
GGA1	rs8137282
FLJ42969	rs8137282
SLC16A9	rs8137282
LOC100507334	rs8137282
MIR4473	rs8137282
SLC9A3	rs8137282
TMEM225B	rs8137282
MIR3936HG	rs8137282
MIR3164	rs8137282
CYP24A1	rs8137282
MYO1C	rs8137282
CLDN25	rs8137282
PNPLA2	rs8137282
RPL35	rs8137282
FDPS	rs8137282
LOC100287329	rs8137282
SLC35E1	rs4820477
CR1	rs4820477
GYPA	rs4820477
FZD2	rs4820477
H2AC20	rs4820477
GAD1	rs4820477
LMNA	rs4820477
C22orf23	rs4820477
LOC100506497	rs4820477
H2BP2	rs4820477
TTLL12	rs4820477
LINC01970	rs4820477
ACSL6	rs4820477
WARS2-AS1	rs4820477
SLC22A3	rs4820477
MIR3160-2	rs4820477
LINC01828	rs4820477
DELE1	rs4820477
PSRC1	rs4820477
RASA2	rs4820477
PYY	rs62235753
LOC105370586	rs132390
AKNA	rs141447235
JSRP1	rs140614180
LOC613206	rs140614180
LAD1	rs140614180
LINC02210-CRHR1	rs140614180
