chrom	position	SNP	pval
16	82039249	rs56169712	7E-06
7	103143080	rs56196003	5E-06
16	4058158	rs56278937	1E-06
3	46846708	rs56387622	5E-19
17	7298013	rs57275132	9E-06
1	149811268	rs57324102	6E-06
5	7290571	rs57380813	8E-06
1	109680280	rs5776993	2E-07
1	207761719	rs5780403	9E-06
11	15309178	rs5789877	2E-06
14	35130485	rs58327846	4E-06
2	200849597	rs5837757	1E-07
18	13110432	rs58685532	4E-06
22	40623944	rs6001982	1E-34
9	107541528	rs60037937	1E-26
1	168127440	rs60504827	2E-07
3	27290919	rs60936670	8E-64
6	151634779	rs60954078	3E-54
3	49129027	rs61729152	6E-06
11	65935052	rs617791	7E-06
10	62822722	rs61865900	2E-09
17	82597601	rs62079673	1E-06
2	201666541	rs62193398	1E-07
5	53399007	rs4254863	5E-06
22	27799398	rs45589338	2E-10
9	104094512	rs4742903	2E-07
15	50402109	rs4774565	2E-06
22	29273659	rs4820803	2E-06
11	111636465	rs505372	3E-06
10	5752689	rs55910451	4E-07
16	54107655	rs56077980	2E-07
1	51001425	rs56168262	2E-08
10	22581150	rs56333866	3E-08
7	102824786	rs57237364	5E-07
1	177930963	rs575908	3E-06
17	29372674	rs57968892	5E-06
10	113490891	rs58742730	6E-09
14	103585480	rs60226654	8E-06
1	100414772	rs612683	3E-07
17	45941122	rs62061734	8E-12
22	27918624	rs62235635	1E-27
8	80887958	rs6473252	8E-07
8	22634616	rs6558174	3E-06
2	69023500	rs66686620	1E-07
1	119716347	rs666930	5E-08
5	22642425	rs66783663	5E-06
8	220692	rs66823261	3E-07
19	43484866	rs66849333	1E-06
10	62201406	rs66964413	5E-09
22	40508704	rs66987842	3E-35
15	75637960	rs67079557	1E-06
2	24748307	rs6710503	5E-06
9	19457614	rs67500807	4E-06
2	69945455	rs6756513	4E-07
3	141547651	rs6776003	3E-10
3	4686890	rs6787391	9E-19
3	34938860	rs6789440	3E-06
6	25710343	rs68006638	2E-07
7	130989722	rs68056147	5E-13
10	9175196	rs68140948	3E-06
4	145775911	rs6818581	9E-06
5	132304843	rs6860806	8E-08
5	124400713	rs6878727	6E-06
5	56964779	rs6890270	5E-67
5	154976135	rs6890610	6E-06
6	151734843	rs6904031	7E-26
4	86302033	rs11284646	4E-06
9	104248836	rs11290052	8E-06
3	99682866	rs11298677	5E-09
2	11561717	rs113084984	5E-06
6	166087862	rs113289039	3E-07
9	32455676	rs1133071	3E-06
8	80641622	rs113410521	2E-06
11	66569918	rs11344495	2E-06
11	27063657	rs11354714	3E-06
6	27587278	rs113780580	4E-09
13	42941617	rs11383827	4E-06
22	28684743	rs62235681	2E-37
22	28876649	rs62235753	3E-20
22	40868537	rs62237039	5E-09
22	28156710	rs62237573	7E-36
22	28343127	rs62237615	4E-33
4	67215843	rs62315512	5E-06
4	105147856	rs62331150	2E-11
5	56757708	rs62355901	3E-98
7	144351809	rs62485509	4E-12
9	108123199	rs630965	3E-54
2	11895429	rs6432241	3E-06
11	111765903	rs643506	2E-07
2	217858732	rs6436017	3E-10
5	67683422	rs6449898	2E-06
4	103450498	rs10016947	9E-06
5	142290274	rs10051199	2E-06
8	117869627	rs10103490	4E-06
2	19212878	rs10169133	1E-08
7	94758031	rs10269006	5E-07
5	123142308	rs10629804	1E-06
7	92022865	rs10644111	3E-11
1	155446537	rs10796944	7E-10
9	22067594	rs10811650	2E-13
10	102125800	rs10883710	3E-06
10	113017911	rs10885405	5E-14
10	13865236	rs10906522	1E-07
9	5956008	rs10975370	3E-06
11	47325389	rs11039183	6E-06
7	94655778	rs111307654	1E-12
6	43259403	rs111342015	9E-08
5	158803005	rs11135046	5E-31
5	81972251	rs111549985	6E-12
10	121795069	rs111605422	9E-13
19	13158012	rs111730030	2E-08
1	149934520	rs11205303	1E-14
14	78743396	rs112056657	2E-06
9	7195019	rs112332509	4E-06
1	156183252	rs11264454	7E-07
5	58888234	rs10472076	1E-08
7	92001306	rs6964587	9E-11
8	116197325	rs13267382	2E-11
10	113014168	rs7904519	2E-13
2	19121042	rs12710696	1E-08
14	91374725	rs941764	8E-13
17	79807926	rs745570	4E-10
16	53821379	rs11075995	9E-09
19	17290595	rs67397200	2E-08
1	149955122	rs12048493	9E-14
1	113905767	rs11552449	5E-11
4	105163621	rs9790517	5E-11
3	4700592	rs6762644	4E-18
3	30641447	rs12493607	7E-14
3	63982224	rs1053338	5E-11
8	128182395	rs11780156	1E-13
10	21744013	rs7072776	2E-19
7	140242504	rs11977670	1E-16
9	108074895	rs13294895	7E-17
5	1279675	rs10069690	8E-17
9	107543834	rs10759243	2E-18
2	217431785	rs16857609	2E-25
14	68193711	rs2588809	6E-14
10	79081391	rs704010	2E-35
5	158817075	rs1432679	7E-31
14	102882582	rs368131309	4E-06
7	102478605	rs369574511	2E-07
6	13713134	rs418053	1E-13
8	36992428	rs4286946	9E-22
11	10299114	rs4345958	3E-06
6	27873148	rs45509595	5E-09
19	14901422	rs4594370	7E-06
2	216883915	rs4674124	1E-11
5	16233510	rs4702131	1E-11
11	15431096	rs4757319	3E-06
17	45394123	rs4763	2E-08
20	19772894	rs4814894	7E-07
22	38174306	rs4820318	1E-13
22	42745087	rs4820477	9E-07
2	120481784	rs4848599	2E-20
4	57013626	rs4865169	7E-06
18	63178058	rs4940575	4E-06
5	45333758	rs55821517	5E-19
11	66710394	rs55908905	8E-06
16	79190071	rs55986698	4E-06
19	17283116	rs56069439	9E-09
6	27307055	rs56114371	2E-09
3	27608457	rs56138756	7E-09
1	186763038	rs56160832	5E-06
7	92143417	rs35417517	8E-11
10	62303692	rs35419901	8E-11
7	92243559	rs35522438	1E-09
10	63349742	rs35632171	3E-07
8	100298199	rs35748790	3E-06
10	22681806	rs370356098	2E-07
1	120018691	rs372562666	6E-27
20	53956286	rs375506010	5E-06
2	201258707	rs3769821	4E-18
6	99643666	rs377527229	6E-06
19	2226677	rs3815308	7E-06
3	63956021	rs3821902	3E-12
6	36676721	rs3829964	9E-08
10	63197831	rs35997229	3E-07
17	68904663	rs36059695	6E-08
5	128227188	rs36715	4E-06
1	145607339	rs368032757	5E-06
1	146069686	rs368121891	9E-08
1	121121848	rs369304377	2E-29
7	92344194	rs369328859	2E-08
10	113678604	rs369832192	4E-06
11	44347927	rs3853291	3E-07
7	102160260	rs411624	2E-06
19	43919418	rs375066	2E-14
7	74860783	rs377629160	6E-07
11	65815595	rs3903072	2E-12
1	145790097	rs12405132	6E-10
18	26757460	rs527616	7E-15
17	30903503	rs146699004	2E-09
6	28958443	rs9257408	7E-08
5	32567626	rs2012709	1E-08
17	55132413	rs2787486	6E-29
19	18460331	rs4808801	5E-28
8	75318066	rs6472903	4E-21
1	10506158	rs616488	5E-20
5	91436408	rs10474352	5E-11
21	15148511	rs2823093	2E-20
2	173348166	rs1550623	5E-10
2	172108243	rs2016394	6E-12
13	73383544	rs6562760	2E-09
18	26990703	rs1436904	1E-14
11	129591276	rs11820646	2E-14
10	121904429	rs7899628	9E-10
3	172363569	rs12152414	5E-06
6	29107311	rs3129178	6E-09
1	203832121	rs59867004	1E-10
6	29280372	rs3130834	5E-09
6	30576624	rs3132610	1E-06
6	30473526	rs3132615	2E-06
5	91493653	rs332529	9E-12
1	108114736	rs33960734	5E-06
10	63497603	rs34044188	3E-07
6	28594471	rs34119086	8E-09
10	62961440	rs34146356	5E-08
6	27457865	rs34196306	1E-09
22	19774906	rs34331122	7E-06
11	69646918	rs34507830	7E-31
6	26993501	rs34546498	9E-10
6	28106103	rs34662244	3E-09
1	155697170	rs348196	2E-08
4	143318872	rs34853779	9E-06
5	43891334	rs35029702	1E-07
14	51819674	rs35072154	3E-06
5	57890836	rs35100619	6E-06
1	119894128	rs35273427	2E-07
10	62719072	rs35306388	2E-10
6	149265193	rs35409891	3E-09
6	81677422	rs6912005	2E-11
6	20728282	rs6928012	2E-06
6	85210757	rs6934651	6E-06
15	74843920	rs6938	9E-08
6	170017397	rs6940159	3E-07
7	103251337	rs6946892	1E-07
8	128192016	rs7017073	2E-14
8	19828398	rs7017697	1E-06
1	7857016	rs707475	1E-07
10	21545607	rs7098100	1E-18
11	129360950	rs7102494	6E-07
11	113863644	rs71063528	8E-07
3	48311089	rs71281886	2E-06
10	27189770	rs71386921	3E-06
4	85740190	rs71599425	6E-06
16	71918418	rs71695136	7E-07
9	103912867	rs718857	2E-06
10	21863269	rs72806318	5E-19
17	30884649	rs7223535	4E-10
6	160665585	rs72314471	8E-06
18	26576054	rs7240205	2E-08
19	17099805	rs7249698	4E-07
8	75393550	rs72658071	3E-28
5	45984331	rs72751936	4E-12
5	46090449	rs72755643	3E-11
5	81820020	rs72774916	2E-08
21	14855305	rs7278690	6E-06
14	89418757	rs141061110	5E-06
22	41061455	rs141447235	2E-09
1	87384812	rs1415174	6E-06
3	18422242	rs141634179	6E-06
3	138949667	rs142253798	8E-06
5	46394269	rs142427110	1E-12
21	43733825	rs142471995	2E-06
10	38105004	rs143072280	9E-07
2	25886882	rs144079028	9E-06
10	121589810	rs45631563	7E-37
2	217098337	rs34005590	3E-41
2	217056046	rs4442975	1E-95
12	28021884	rs7297051	3E-60
10	62540131	rs10995201	2E-51
4	174925275	rs6828523	2E-25
8	37000965	rs13365225	1E-20
9	108133073	rs676256	4E-53
2	120487546	rs4849887	7E-20
14	68567965	rs999737	7E-39
12	95633983	rs17356907	1E-39
3	46825376	rs6796502	6E-15
12	115398717	rs1292011	4E-39
18	44819625	rs6507583	2E-12
5	1296141	rs3215401	1E-20
14	36663564	rs2236007	4E-21
6	152115881	rs2747652	1E-26
15	90968837	rs2290203	8E-10
16	53779455	rs17817449	3E-21
5	59041654	rs1353747	4E-09
5	82242227	rs7707921	2E-12
10	121334387	rs11199914	7E-12
14	92637727	rs11627032	4E-11
7	130982362	rs4593472	2E-11
5	59180291	rs9292195	4E-07
5	44822356	rs930395	2E-58
14	77005236	rs9323635	1E-06
6	21905495	rs9350395	3E-07
6	81545215	rs9361840	7E-14
6	7231610	rs9379084	3E-06
10	119567672	rs9421352	1E-07
6	80496839	rs9449003	3E-06
6	20923044	rs9460578	1E-06
13	50521772	rs9562987	4E-06
13	29543880	rs9578106	7E-06
22	38798063	rs9619765	1E-06
18	23047728	rs9675999	7E-07
8	123726378	rs970821	2E-12
2	67654625	rs9712235	7E-07
21	46360308	rs9808759	4E-07
3	86154659	rs9833726	6E-06
3	100105841	rs9837602	1E-09
3	47241865	rs9867461	2E-06
3	190056667	rs9882792	2E-06
4	91717049	rs9884765	5E-07
18	45308832	rs9952980	2E-13
18	44831838	rs9954058	3E-13
18	27826891	rs9959491	5E-07
6	151621059	rs3757322	3E-41
1	121538815	rs11249433	2E-52
3	27374522	rs4973768	5E-57
9	108074792	rs10816625	5E-18
5	44706396	rs10941679	6E-73
1	241870961	rs72755295	2E-14
10	121580797	rs2981578	1E-245
16	52565276	rs4784227	7E-201
11	69564393	rs75915166	4E-95
7	144377836	rs720475	1E-11
6	149287738	rs9485372	4E-06
6	81418669	rs17529111	1E-09
12	14260997	rs12422552	4E-15
8	127343372	rs13281615	2E-57
10	22026914	rs11814448	6E-18
11	69516874	rs554219	6E-47
22	28725099	rs17879961	1E-08
1	45548287	rs144366570	2E-07
5	52398145	rs144727871	4E-06
3	64074452	rs1450985	6E-08
5	50491020	rs145106188	3E-07
3	48024338	rs145407011	1E-06
X	32564969	rs145455135	9E-06
6	4445101	rs145711907	2E-06
6	30003183	rs3094146	7E-07
22	44323082	rs201681753	3E-06
18	60214129	rs2045438	4E-06
11	1995678	rs217727	4E-14
1	8035440	rs225132	3E-06
7	69359109	rs2271032	8E-06
14	100851974	rs2295389	2E-06
16	56497273	rs2303282	3E-07
18	26923543	rs2307561	8E-18
10	38234698	rs2384736	1E-06
21	15202135	rs2403907	2E-32
5	82340549	rs2407156	2E-06
5	58332828	rs245279	9E-07
1	10535965	rs2506889	2E-20
6	30107326	rs2523992	2E-07
5	45653810	rs2589161	3E-08
5	1453229	rs2617583	9E-07
2	201384985	rs2714486	7E-10
1	207903511	rs2724379	2E-07
4	105274384	rs2726492	4E-10
17	46277538	rs2732699	1E-10
6	29693039	rs3116813	6E-07
9	133463535	rs3124765	2E-06
6	29388554	rs9257809	3E-08
6	30682249	rs9262142	3E-06
18	32526319	rs191218575	8E-06
10	51918266	rs1937680	3E-07
1	118111143	rs1962373	1E-06
4	175011701	rs1966977	6E-07
2	25068670	rs1971136	5E-09
11	1877434	rs1973765	1E-37
17	46788237	rs199498	2E-08
4	48056416	rs199501877	4E-07
5	112032901	rs199817973	1E-06
1	120948545	rs200087884	7E-07
8	75626598	rs200255906	2E-14
2	173340858	rs200725404	4E-10
13	24412252	rs201073821	8E-06
20	35933106	rs201177249	4E-06
10	38338906	rs2754412	6E-07
10	92388574	rs2771267	1E-06
1	203938990	rs2810650	3E-09
5	1295234	rs2853669	4E-21
22	43072659	rs28599928	2E-06
7	25529928	rs289997	3E-07
10	117502854	rs2901157	2E-06
8	75498626	rs2926585	3E-24
13	91903032	rs3029748	4E-06
2	67755147	rs3036802	3E-06
9	21964884	rs3057314	7E-25
2	160772472	rs146071273	7E-06
3	47364189	rs146331761	5E-07
5	82217129	rs146817970	4E-13
14	38968140	rs147032157	4E-06
13	107031171	rs148731571	6E-06
1	121695219	rs149253773	6E-40
22	28532870	rs149936356	1E-18
17	41094871	rs150537328	2E-06
14	91422581	rs150658557	2E-13
15	67115961	rs151090251	2E-06
4	132819226	rs151170584	9E-06
17	42807276	rs151329939	5E-09
1	64370963	rs1514964	9E-06
8	120102785	rs1519814	8E-07
1	145730328	rs1552172	1E-08
5	73943871	rs157554	7E-06
6	29882943	rs1611579	8E-07
4	1983006	rs16342	1E-06
19	43779080	rs1685191	4E-20
8	117178381	rs16889471	9E-06
8	80443628	rs16907718	7E-06
10	22212015	rs16922097	1E-18
17	2195889	rs16952006	3E-06
10	121677436	rs1696803	2E-45
5	67215707	rs1697139	9E-06
2	41931164	rs17029056	4E-06
18	69220817	rs17080623	5E-06
19	18522945	rs172032	1E-16
14	68214759	rs1744947	2E-14
5	158905372	rs17543752	2E-19
6	26175638	rs17598658	2E-09
11	66301747	rs1783730	3E-07
3	30643415	rs17838698	2E-14
1	41532093	rs181270898	5E-07
15	100366889	rs181337095	3E-07
2	201140114	rs182731523	8E-08
22	29581329	rs183421746	3E-11
15	37206970	rs184531260	4E-07
5	68315658	rs184886	2E-06
22	29457633	rs185004002	2E-12
1	119254406	rs185028854	7E-06
10	104612026	rs1855581	7E-06
10	67640136	rs186036693	2E-06
22	30509501	rs187201341	1E-06
17	17835546	rs187408367	8E-07
10	67750937	rs189157202	2E-06
1	172361919	rs1894633	2E-06
6	80636316	rs1902066	7E-06
5	43545632	rs191057893	8E-06
3	172567447	rs58058861	2E-10
4	38814717	rs6815814	6E-13
1	117687599	rs7529522	2E-10
3	100004736	rs9833888	5E-10
5	344994	rs116095464	4E-09
22	41642782	rs73161324	2E-09
2	9995553	rs113577745	4E-10
2	111168155	rs71801447	4E-08
10	9046151	rs67958007	2E-10
20	5967581	rs16991615	2E-09
1	201468704	rs35383942	4E-13
17	42684371	rs72826962	5E-09
8	123597926	rs58847541	6E-13
19	13047463	rs78269692	2E-09
10	22108073	rs72810771	2E-19
10	22383039	rs72814839	4E-13
6	36795636	rs72856431	9E-07
11	69154575	rs72932540	4E-08
18	64663607	rs72942597	2E-06
2	189205442	rs73034872	8E-06
20	5791630	rs73077323	5E-06
5	43410515	rs73098691	3E-06
8	130991174	rs73348588	8E-07
18	64514353	rs73487618	6E-06
5	56361879	rs7378815	4E-07
3	28290744	rs73822569	1E-06
10	8655165	rs74433033	9E-07
7	103022031	rs7458786	9E-06
10	121042949	rs748476	7E-07
16	80614399	rs7500067	4E-27
2	189440322	rs75116627	1E-06
1	113903258	rs7513707	2E-11
5	51439473	rs75282042	2E-06
2	18308590	rs75282989	3E-06
5	123338869	rs75887402	3E-07
9	8545593	rs76007978	4E-07
6	122554525	rs76092474	3E-06
10	81950055	rs76340606	4E-06
5	51555704	rs76375990	1E-06
3	156927968	rs7637701	1E-06
5	2777197	rs7709328	3E-07
4	36590617	rs77198337	4E-06
9	13942941	rs77457752	8E-07
13	32601963	rs113855064	1E-07
6	54862053	rs924712	4E-06
8	127359926	rs10096351	2E-64
10	121568362	rs10510097	2E-58
1	45688904	rs10683143	2E-06
11	18642694	rs10832963	9E-06
1	118488075	rs10923574	4E-07
5	128098106	rs1112956	9E-06
10	38856846	rs11146838	1E-06
17	30560116	rs111780165	8E-08
2	201003582	rs112257290	2E-07
5	159008453	rs11288072	3E-13
8	37106253	rs113167076	9E-07
1	42592453	rs113319441	6E-06
8	36450915	rs113687142	2E-06
11	123095918	rs7121616	7E-06
14	36667340	rs7149262	2E-21
2	60408219	rs72001329	3E-06
19	19684648	rs72396995	1E-07
19	18422832	rs7258465	3E-28
4	17386536	rs77485526	2E-06
15	90965985	rs77554484	1E-15
11	117214494	rs77683187	2E-06
2	201502866	rs77688320	3E-09
6	84379128	rs7768862	6E-06
4	105435604	rs77928427	3E-08
7	12721416	rs7810893	4E-06
8	127677080	rs7833090	2E-06
8	30372068	rs7834448	7E-06
8	75751646	rs7844233	6E-11
11	69516650	rs78540526	2E-131
3	156800880	rs78579487	4E-07
9	95008323	rs7862618	5E-06
10	113127459	rs7906315	2E-08
10	27080233	rs7918232	8E-06
11	62126500	rs7937840	1E-06
7	98397243	rs79518236	1E-07
6	1319077	rs80199833	7E-06
15	75516399	rs8027365	1E-07
9	116672011	rs803903	8E-12
17	81397410	rs8074440	3E-06
17	30689342	rs8081187	2E-07
17	79797749	rs8082452	1E-10
7	98065546	rs847577	6E-06
14	36808438	rs848087	6E-11
18	32397726	rs117618124	6E-12
6	26680470	rs71557345	4E-10
1	41671640	rs79724016	4E-08
5	50345811	rs72749841	7E-10
8	105346392	rs12546444	8E-11
7	101909160	rs71559437	5E-12
3	86988393	rs13066793	1E-09
6	130027974	rs6569648	3E-12
5	133071366	rs6596100	8E-09
9	116551207	rs1895062	1E-14
4	125922349	rs77528541	1E-09
17	46175102	rs2532263	7E-13
22	38172826	rs738321	1E-13
1	217047232	rs11117758	4E-09
5	50899260	rs35951924	1E-11
12	84615658	rs202049448	3E-08
6	16399326	rs3819405	2E-08
2	226362236	rs12479355	2E-08
2	24906604	rs6725517	3E-12
11	803017	rs6597981	1E-12
16	87051631	rs4496150	8E-09
7	21901342	rs7971	2E-08
1	50380361	rs140850326	4E-08
19	13843757	rs2594714	1E-08
6	80384570	rs12207986	2E-09
1	40914768	rs4233486	9E-09
1	46135245	rs1707302	3E-08
5	111882089	rs6882649	4E-09
3	71482962	rs6805189	5E-08
16	56387075	rs2432539	4E-08
9	126634155	rs10760444	9E-09
6	20621007	rs2223621	3E-10
19	19434887	rs2965183	6E-12
14	104745925	rs10623258	2E-08
4	88322666	rs10022462	2E-09
10	93532431	rs140936696	4E-08
5	170164483	rs4562056	5E-10
12	120394343	rs206966	4E-08
19	45679774	rs71338792	4E-09
16	54648152	rs28539243	9E-15
1	87691240	rs17426269	2E-08
8	101466731	rs514192	6E-09
22	45887417	rs28512361	2E-08
1	155176305	rs4971059	5E-11
7	94484487	rs17268829	5E-13
20	50329374	rs6122906	3E-10
7	28317270	rs17156577	4E-09
1	18480845	rs2992756	2E-15
3	141394018	rs34207738	3E-15
8	17926905	rs11779988	2E-06
7	100437651	rs117911427	7E-06
11	129591121	rs11822830	2E-14
5	51032423	rs11960470	3E-06
10	37101682	rs1200921	6E-06
1	45918469	rs12077974	2E-07
1	155587180	rs12091730	2E-10
1	216850159	rs12095761	3E-06
5	91367022	rs12110303	1E-11
1	91555907	rs12134245	4E-06
5	53298177	rs12189522	1E-06
10	113368732	rs12250948	1E-14
1	113630788	rs1230666	4E-10
6	29509637	rs1233480	5E-08
18	27025475	rs12458099	1E-12
2	69207095	rs12474538	9E-08
20	53671071	rs12481286	1E-07
22	40143521	rs12483853	1E-18
4	53046426	rs12506630	1E-06
5	32581080	rs12519859	6E-09
8	75988094	rs12682248	2E-06
10	79092621	rs1268974	4E-36
7	55125270	rs12718945	4E-06
10	63089177	rs12765365	2E-08
13	73232845	rs12870942	4E-09
5	44302075	rs13186320	5E-15
22	29155884	rs132289	1E-24
8	115667320	rs13277568	8E-07
5	44933883	rs138060088	9E-43
14	91545453	rs139530473	1E-10
22	29714557	rs140091	4E-10
6	157009956	rs140842923	3E-06
10	67248381	rs141448180	6E-06
5	51952440	rs141930488	8E-06
8	23622741	rs142890050	7E-08
6	13722291	rs204247	8E-13
22	29225488	rs132390	1E-08
11	1887776	rs3817198	1E-18
19	43782361	rs3760982	1E-16
8	29652100	rs9693444	2E-21
2	201316524	rs1830298	2E-16
9	22062135	rs1011970	1E-15
8	75505702	rs2943559	4E-24
22	40480230	rs6001930	4E-34
5	56757896	rs62355902	7E-98
10	121580918	rs35054928	2E-322
5	16187419	rs13162653	5E-07
16	80616908	rs13329835	9E-27
6	151631197	rs9397437	5E-54
13	32398489	rs11571833	3E-15
5	45846518	rs72765759	6E-13
10	92172529	rs72807246	3E-06
16	80805081	rs72820985	1E-06
2	217177160	rs72953532	2E-18
22	41323244	rs73176670	1E-08
5	132497907	rs736801	8E-08
6	122394099	rs74392007	3E-07
7	74696373	rs74910854	5E-06
1	155302483	rs7524950	3E-09
11	66843174	rs7570	8E-06
3	27468223	rs7619833	3E-45
4	174906885	rs7697216	2E-26
5	91594201	rs7721647	2E-06
9	85664713	rs77674461	6E-06
7	28828469	rs77702473	2E-06
1	41821259	rs78295797	9E-06
9	108239892	rs7847854	5E-18
6	151859461	rs78796841	8E-07
8	50831133	rs79108280	9E-06
11	2369831	rs800132	8E-06
16	71475893	rs8050871	3E-06
22	41815785	rs8137282	2E-07
17	82946434	rs898097	2E-06
X	32016153	rs1293906	9E-06
22	29010231	rs13054095	4E-16
22	30051113	rs188460188	3E-08
5	467862	rs190811224	5E-06
1	17380437	rs1924553	5E-07
4	83549680	rs1963045	2E-06
7	86844997	rs1989796	2E-06
1	10637822	rs199867187	1E-06
2	111433700	rs200484318	7E-06
11	116897884	rs201462698	1E-06
21	14992435	rs2822999	2E-11
6	156907180	rs28648619	5E-06
5	143376439	rs2963155	7E-06
6	30365728	rs3094054	1E-07
3	156645453	rs2136690	4E-06
10	122041907	rs2253762	2E-09
19	19535463	rs2304098	2E-11
9	95606163	rs2405064	4E-06
5	149053986	rs250677	8E-06
5	50793817	rs26067	2E-08
4	88058377	rs2725207	6E-07
8	23801998	rs310291	6E-08
6	30793795	rs3129984	8E-06
20	64247978	rs6062356	3E-06
17	59769155	rs61495451	3E-06
16	53769311	rs62048402	4E-23
17	74776908	rs62084913	9E-06
2	25222417	rs113953597	1E-08
1	155928952	rs11406084	7E-06
11	442473	rs11410354	2E-06
10	121334478	rs11462858	2E-12
20	11399194	rs1154723	9E-06
1	87963341	rs11583393	4E-08
2	188005044	rs116183959	2E-06
14	68513118	rs11624333	7E-42
5	52083172	rs116464256	4E-06
16	56871774	rs11646723	4E-06
10	21230606	rs116478824	5E-06
17	72408954	rs11652463	8E-08
17	68557338	rs11655740	7E-06
2	171513371	rs11680449	4E-09
2	19111157	rs11684853	1E-12
2	144845739	rs11690035	6E-06
2	217427435	rs11693806	3E-26
21	17368480	rs11700530	4E-06
22	41501983	rs117078955	1E-06
19	55305310	rs1172821	4E-06
21	15315098	rs117512673	6E-06
10	130453365	rs117649165	1E-06
11	9906964	rs117698693	4E-06
19	12846836	rs117758012	5E-07
15	74300521	rs12904134	8E-06
16	10609831	rs12918713	1E-07
16	3942751	rs12920416	8E-07
18	22897971	rs12962334	1E-06
2	226474745	rs13008686	7E-06
3	48542329	rs13079292	8E-06
5	52225463	rs13160295	4E-06
5	45074531	rs13183434	4E-17
6	26463346	rs13195401	2E-09
6	25874195	rs13198474	2E-07
6	28364364	rs13214023	1E-09
7	144477198	rs13230714	1E-06
8	25974262	rs13256025	2E-07
2	67879434	rs13416342	6E-06
3	16737360	rs1375631	2E-07
6	28468238	rs138024639	3E-09
17	42426015	rs138672638	1E-08
22	30168182	rs139059349	2E-07
5	45522877	rs139424826	5E-13
5	159141388	rs139824696	4E-06
16	50499690	rs140035696	5E-06
17	18094293	rs140494697	4E-06
22	41221553	rs140614180	6E-08
14	32127443	rs140783387	3E-07
1	50882601	rs140945602	7E-08